MeshAnim
1
20
42
30
1 0 0 0
0 -1.192093E-07 -0.9999999 0
0 0.9999999 -1.192093E-07 0
0 0 0 1

-0.04289186 -0.9690147 -0.2432497 0
-0.1682679 0.2470023 -0.9542933 0
0.9848076 -2.591191E-07 -0.1736486 0
1.117587E-07 0.3398853 -0.01820978 1

-0.04562981 -0.9910607 -0.1253648 0
-0.3389631 0.1334108 -0.9312924 0
0.9396924 -6.107414E-07 -0.3420205 0
0.005642661 0.4773946 0.01379068 1

-0.1621394 -0.9422842 0.2929352 0
-0.1359791 -0.2726952 -0.9524425 0
0.9773538 -0.1942616 -0.08391637 0
-0.1081367 0.3267605 0.004423148 1

-0.1709979 0.9805151 -0.09669507 0
0.04989563 0.1066323 0.9930459 0
0.9840071 0.1649841 -0.06715734 0
0.1093562 0.3267607 -0.03392671 1

0.05942598 -0.9946182 0.08487047 0
-0.57049 -0.1036071 -0.8147433 0
0.8191517 -7.91082E-07 -0.5735767 0
0.005495723 0.6287448 0.01338673 1

-0.1470303 -0.9883598 -0.03907357 0
-0.1562016 0.06220784 -0.9857643 0
0.9767206 -0.1388338 -0.1635299 0
-0.1342412 0.182614 0.05397158 1

-0.1539437 0.9571867 0.2451428 0
-0.114033 -0.2636535 0.9578536 0
0.9814773 0.1195011 0.1497387 0
0.1376474 0.1759357 -0.01478806 1

0.1498294 -0.9831298 0.1049129 0
-0.805333 -0.1829086 -0.5638998 0
0.5735763 -9.76819E-07 -0.8191522 0
-0.006563099 0.761569 -0.003835229 1

-0.001090046 -0.9999862 -0.005116552 0
0.08485463 0.005005643 -0.9963807 0
0.9963927 -0.001520262 0.08484798 0
-0.1560236 0.05032766 0.03654341 1

-0.0008503869 0.9999865 0.005161345 0
0.1311709 -0.005005226 0.9913471 0
0.9913594 0.001520042 -0.1311648 0
0.1598231 0.05033122 -0.05961611 1

-0.1560824 -0.9816791 -0.1092888 0
-0.8041444 0.1905407 -0.563068 0
0.5735763 -9.470167E-07 -0.8191522 0
-0.007100614 0.9200652 -0.004211815 1

0.4553357 0.06435538 -0.8879908 0
-0.8895397 -0.008857706 -0.456772 0
-0.0372613 0.9978876 0.0532134 0
-0.06787467 0.7642207 0.06958514 1

0.6787038 -0.0643576 -0.7315867 0
0.733466 0.008857941 0.6796682 0
-0.03726147 -0.9978876 0.0532161 0
0.04145964 0.7642205 -0.08656054 1

0.1007052 0.01332258 -0.994827 0
-0.006932713 0.9998953 0.01268858 0
0.9948919 0.005619061 0.100787 0
-0.1699942 0.02878367 0.2091112 1

0.146932 -0.01332277 0.9890568 0
-0.00751628 -0.9998956 -0.01235205 0
0.9891178 -0.005619166 -0.1470168 0
0.1818163 0.02878721 0.1121135 1

1.862645E-08 -0.9999998 1.549721E-06 0
-0.06719013 -1.489847E-06 -0.9977403 0
0.9977401 -6.016374E-08 -0.06719005 0
-0.006018329 1.20176 0.01188121 1

-0.2000893 0.8941641 -0.400543 0
-0.9687951 -0.241597 -0.05537925 0
-0.146288 0.3769631 0.9146028 0
-0.1154142 0.7508238 0.1624084 1

0.2462849 -0.5570911 -0.7930909 0
0.5994161 -0.5554742 0.5763232 0
-0.761606 -0.6173313 0.1971245 0
0.1124253 0.7508234 -0.1629802 1

-0.7500837 0.5791939 -0.3192315 0
-0.5835301 -0.8067846 -0.09268694 0
-0.3112347 0.1167583 0.9431332 0
-0.08347332 0.5543314 0.2485037 1

0.2198904 -0.6607369 0.7176872 0
-0.07561839 0.7219351 0.6878162 0
-0.9725891 -0.2055146 0.1087829 0
0.1587147 0.6367052 -0.3415196 1

-0.9464484 0.03891041 -0.3205014 0
0.321108 0.2165782 -0.9219458 0
0.03354013 -0.9754894 -0.2174746 0
0.1125334 0.4103308 0.3310132 1

0.09927586 -0.123315 0.9873893 0
0.9950173 0.003123862 -0.09965275 0
0.00920425 0.9923625 0.1230106 0
0.2147329 0.4712717 -0.1532221 1

-0.7257795 -0.2351721 0.6464814 0
0.55519 -0.7551492 0.3485877 0
0.4062118 0.611918 0.6786371 0
0.1763215 0.4700114 0.3386464 1

-0.3973344 -0.1124102 0.9107632 0
-0.8960386 -0.166713 -0.411487 0
0.1980913 -0.9795768 -0.03448313 0
0.2238354 0.4448061 0.3934326 1

-0.01748011 -0.3058784 0.9519104 0
-0.9956059 0.09292546 0.01157742 0
-0.09199794 -0.9475249 -0.3061587 0
0.2301255 0.362349 0.3744146 1

-0.9000072 0.02112697 0.4353625 0
-0.2970235 0.7012846 -0.6480563 0
-0.3190043 -0.7125682 -0.624886 0
0.1950302 0.5210266 -0.08375799 1

-0.8405278 -0.1204715 0.528204 0
0.5225433 0.07714536 0.8491154 0
-0.1430426 0.9897146 -0.001891209 0
0.241713 0.4991646 -0.02686159 1

-0.929002 0.1539289 -0.3365427 0
-0.3652475 -0.2349637 0.90077 0
0.05957928 0.9597384 0.2745039 0
0.2395503 0.4146459 -0.03409455 1

0.9952396 -0.0008340687 -0.09745498 0
0.01249627 0.9928012 0.1191189 0
0.09665389 -0.1197697 0.9880856 0
0.185911 0.4765189 -0.0795851 1

-0.4628076 0.8857052 -0.03654481 0
-0.5480164 -0.2534643 0.7971413 0
0.6967692 0.38895 0.602686 0
0.2315824 0.4870483 0.2907721 1

0.9446484 0.09522714 0.3139603 0
-0.2757553 -0.2880313 0.9170592 0
0.1777592 -0.9528744 -0.2458291 0
0.2667454 0.4606962 0.3210959 1

0.9935301 0.02205577 0.1114083 0
-0.1030845 -0.2365639 0.9661322 0
0.04766391 -0.9713655 -0.2327597 0
0.246668 0.3856073 0.2971453 1

0.1122773 -0.8939105 0.4339558 0
-0.9731948 -0.01071024 0.2297323 0
-0.2007124 -0.4481172 -0.8711519 0
0.1279297 0.5220959 -0.05010783 1

-0.9330244 -0.04774427 -0.3566305 0
-0.3582067 0.02971939 0.9331692 0
-0.03395458 0.9984173 -0.04483108 0
0.1757733 0.4943567 0.02750024 1

0.1959413 0.1158249 -0.9737515 0
-0.9799373 0.06006218 -0.1900413 0
0.03647409 0.9914519 0.1252698 0
0.1587825 0.4234423 -0.04767248 1

-0.4084559 0.9110868 -0.05554108 0
-0.5868204 -0.2155004 0.7805137 0
0.6991464 0.351398 0.6226664 0
0.2604179 0.4323155 0.2929939 1

0.9504505 0.06991639 0.3029122 0
-0.2744931 -0.2686722 0.9232925 0
0.1459372 -0.9606908 -0.2361681 0
0.2019889 0.4591891 0.2965695 1

0.9945101 -0.004083632 0.104563 0
-0.1015083 -0.2803865 0.9545049 0
0.02542007 -0.9598785 -0.2792617 0
0.1771939 0.3897095 0.2796478 1

0.1547556 -0.9078551 0.3896789 0
-0.9612929 -0.04735958 0.2714281 0
-0.2279624 -0.4166006 -0.8800437 0
0.1347541 0.4668212 -0.02308412 1

-0.9320084 -0.02003537 -0.361882 0
-0.3621197 0.009755528 0.9320807 0
-0.01514423 0.9997516 -0.01634726 0
0.1097375 0.4952258 0.006625708 1

0.1973758 0.1425512 -0.9699083 0
-0.977411 0.1048805 -0.1834877 0
0.07556813 0.9842149 0.1600321 0
0.1622903 0.4354918 -0.1183282 1

1 0 0 0
0 -1.192093E-07 -0.9999999 0
0 0.9999999 -1.192093E-07 0
0 0 0 1

-0.04297483 -0.9687672 -0.2442194 0
-0.1682934 0.2479716 -0.9540373 0
0.9847997 0.0001008899 -0.1736937 0
-0.0002192263 0.3391452 -0.01822047 1

-0.04590795 -0.9908521 -0.1269033 0
-0.338969 0.1349516 -0.9310682 0
0.9396768 0.0002728144 -0.3420635 0
0.005434982 0.4766218 0.0139176 1

-0.1613024 -0.9402854 0.2997414 0
-0.1345116 -0.2799379 -0.9505479 0
0.9776953 -0.1936445 -0.08132467 0
-0.108356 0.3260056 0.004404239 1

-0.1726625 0.9794375 -0.1043554 0
0.05156225 0.1147892 0.9920509 0
0.9836305 0.1659091 -0.07032172 0
0.1091352 0.3260283 -0.03395558 1

0.05847997 -0.9948643 0.08261446 0
-0.5705906 -0.1012165 -0.8149734 0
0.8191498 0.0005205334 -0.5735793 0
0.005329625 0.6279725 0.01374896 1

-0.1474146 -0.9877653 -0.05087994 0
-0.1527281 0.07355782 -0.9855269 0
0.9772118 -0.1375103 -0.161703 0
-0.134338 0.1821985 0.05499219 1

-0.1554975 0.9547622 0.2534758 0
-0.1098711 -0.2717209 0.9560839 0
0.9817072 0.1208189 0.1471526 0
0.1376903 0.1754066 -0.01364244 1

0.149563 -0.9833501 0.1032151 0
-0.8053846 -0.1817164 -0.5642115 0
0.5735734 0.001257322 -0.8191532 0
-0.006602886 0.7608469 -0.003171695 1

-0.001699965 -0.9999554 -0.009290203 0
0.08539739 0.009111001 -0.9963053 0
0.9963455 -0.002487101 0.08537804 0
-0.156094 0.05012682 0.03597569 1

-0.001815937 0.9999748 0.006882518 0
0.1315048 -0.00658393 0.9912938 0
0.9913138 0.002705188 -0.1314895 0
0.1599951 0.05022364 -0.0595717 1

-0.1563494 -0.9814467 -0.1109828 0
-0.8040947 0.1917309 -0.5627351 0
0.5735734 0.001257322 -0.8191532 0
-0.007097399 0.9193438 -0.003274651 1

0.4553502 0.06576448 -0.8878801 0
-0.8895437 -0.007827871 -0.4567831 0
-0.03699039 0.9978045 0.05493596 0
-0.06791347 0.7633885 0.07025336 1

0.6786841 -0.0632785 -0.7316991 0
0.7334707 0.007485798 0.67968 0
-0.03753185 -0.9979678 0.05149348 0
0.04142027 0.7636282 -0.08589248 1

0.1012522 0.01741166 -0.9947084 0
-0.006326947 0.9998379 0.01685737 0
0.9948406 0.004586589 0.1013459 0
-0.1701712 0.02787151 0.2084446 1

0.1472732 -0.01488179 0.9889841 0
-0.006553158 -0.9998797 -0.01406979 0
0.9890742 -0.004408871 -0.1473529 0
0.1820662 0.02840544 0.1121133 1

-0.0002695024 -0.9999985 -0.001695692 0
-0.0671936 0.001710028 -0.9977385 0
0.99774 -0.0001550117 -0.06719387 0
-0.005939108 1.201011 0.01329645 1

-0.1987452 0.8947318 -0.3999444 0
-0.969155 -0.240109 -0.05555341 0
-0.1457358 0.376567 0.9148544 0
-0.115456 0.7498444 0.163053 1

0.2474346 -0.5555821 -0.7937912 0
0.5990837 -0.5561624 0.5760054 0
-0.7614953 -0.6180709 0.1952263 0
0.1123818 0.7503433 -0.1623351 1

-0.7526261 0.5770193 -0.3171795 0
-0.5814528 -0.8084673 -0.0910676 0
-0.3089769 0.115885 0.943983 0
-0.08381092 0.5532477 0.249016 1

0.219701 -0.6630428 0.7156159 0
-0.07549208 0.7197837 0.6900815 0
-0.972642 -0.2056349 0.1080826 0
0.1589237 0.6365607 -0.3410224 1

-0.9466147 0.03836051 -0.3200764 0
0.3205677 0.2167761 -0.9220873 0
0.03401322 -0.9754676 -0.2175004 0
0.1128355 0.4098165 0.3309897 1

0.09915189 -0.1226028 0.9874907 0
0.995026 0.002623214 -0.09958271 0
0.009618856 0.9924525 0.1222531 0
0.2148936 0.4705267 -0.1532477 1

-0.7253519 -0.2356035 0.6468043 0
0.5557879 -0.7548283 0.3483301 0
0.4061583 0.6121479 0.6784617 0
0.1765922 0.4695342 0.3385951 1

-0.3968602 -0.1126525 0.9109401 0
-0.8961257 -0.1672324 -0.411087 0
0.1986488 -0.9794607 -0.03458284 0
0.2241455 0.4443562 0.3933597 1

-0.01687424 -0.305899 0.9519148 0
-0.9956548 0.09234305 0.01202503 0
-0.09158108 -0.9475752 -0.306128 0
0.2304753 0.361903 0.374338 1

-0.9000298 0.02184352 0.4352808 0
-0.2966775 0.7009161 -0.6486138 0
-0.3192633 -0.7129094 -0.6243647 0
0.1952072 0.5203429 -0.08382303 1

-0.8406175 -0.1197093 0.5282347 0
0.5225151 0.07757125 0.8490945 0
-0.1426202 0.989774 -0.00265774 0
0.2418766 0.4985045 -0.02690656 1

-0.9289122 0.1540681 -0.3367281 0
-0.3654129 -0.2341195 0.9009229 0
0.05996896 0.9599226 0.2737749 0
0.2396784 0.4139813 -0.03407512 1

0.9952464 -0.001333092 -0.09738173 0
0.01291129 0.9928867 0.1183613 0
0.09653133 -0.119056 0.9881842 0
0.1860687 0.4758424 -0.07961682 1

-0.4633419 0.8854349 -0.03632746 0
-0.5475107 -0.2537935 0.7973842 0
0.6968119 0.3893509 0.6023778 0
0.2318216 0.4866041 0.2906962 1

0.9447336 0.09577607 0.3135377 0
-0.2751754 -0.2882026 0.9171795 0
0.1782063 -0.9527677 -0.2459194 0
0.2670136 0.4602722 0.3210039 1

0.9935669 0.02263558 0.1109629 0
-0.1025128 -0.2366349 0.966176 0
0.04812764 -0.9713351 -0.232792 0
0.2469694 0.3851719 0.2970615 1

0.1118645 -0.8936266 0.4346468 0
-0.9732165 -0.01011952 0.2296696 0
-0.2008407 -0.4486971 -0.8708239 0
0.1281046 0.5214667 -0.05017857 1

-0.9330194 -0.04761876 -0.356662 0
-0.3582616 0.03058518 0.9331204 0
-0.03352541 0.9983974 -0.04559645 0
0.1759308 0.4937664 0.02745414 1

0.196061 0.1149973 -0.9738256 0
-0.9798979 0.06033498 -0.1901587 0
0.03688816 0.9915318 0.124515 0
0.1589152 0.4228019 -0.04766564 1

-0.4090135 0.9108484 -0.05534779 0
-0.5863441 -0.2158522 0.7807747 0
0.6992202 0.3518001 0.6223567 0
0.26069 0.431888 0.2929043 1

0.9505453 0.0704688 0.3024866 0
-0.2739218 -0.2688428 0.9234127 0
0.1463932 -0.9606027 -0.2362443 0
0.2022471 0.4587274 0.2965066 1

0.994559 -0.003503303 0.1041169 0
-0.1009162 -0.2804563 0.9545475 0
0.02585635 -0.9598604 -0.2792838 0
0.1774849 0.3892335 0.2795952 1

0.1543401 -0.9076233 0.3903838 0
-0.9613329 -0.04674215 0.2713943 0
-0.2280765 -0.4171758 -0.879742 0
0.1349035 0.4662097 -0.02311217 1

-0.9319911 -0.0199143 -0.3619344 0
-0.3621829 0.01062222 0.9320467 0
-0.01471652 0.9997452 -0.01711233 0
0.1098969 0.4946477 0.006574098 1

0.1975068 0.1417259 -0.9700028 0
-0.9773533 0.1051573 -0.1836391 0
0.07597651 0.9843047 0.1592856 0
0.1624333 0.4347959 -0.1183302 1

1 0 0 0
0 -1.192093E-07 -0.9999999 0
0 0.9999999 -1.192093E-07 0
0 0 0 1

-0.04341793 -0.9680977 -0.2467819 0
-0.1682529 0.2505721 -0.9533648 0
0.9847871 0.0001286061 -0.1737647 0
-0.0007136562 0.3378528 -0.01820048 1

-0.04689768 -0.9902694 -0.1310222 0
-0.338901 0.1391604 -0.9304731 0
0.9396523 0.0007664898 -0.3421296 0
0.005003251 0.4752413 0.01430128 1

-0.1591059 -0.9351675 0.3164597 0
-0.1308949 -0.2977313 -0.9456334 0
0.9785457 -0.1918789 -0.0750379 0
-0.1088546 0.3247009 0.004397238 1

-0.175597 0.9774248 -0.117501 0
0.05706661 0.1292609 0.9899672 0
0.9828066 0.1671297 -0.07847618 0
0.1086338 0.3247297 -0.03397826 1

0.05602229 -0.9955014 0.07640872 0
-0.5708492 -0.09472328 -0.8155724 0
0.8191412 0.002072333 -0.5735879 0
0.005047697 0.6265914 0.01476249 1

-0.1458196 -0.9870289 -0.06715945 0
-0.1458285 0.08858833 -0.9853354 0
0.9785043 -0.1338875 -0.1568549 0
-0.1345141 0.1817591 0.05753759 1

-0.1555211 0.9504786 0.2690793 0
-0.1005976 -0.2862164 0.9528696 0
0.9826969 0.1211225 0.1401286 0
0.137665 0.1744839 -0.01165579 1

0.1489874 -0.983914 0.09856906 0
-0.8054985 -0.1785782 -0.5650501 0
0.5735632 0.004788151 -0.8191473 0
-0.006556627 0.7595978 -0.001329091 1

-0.0009257123 -0.9999821 -0.005885615 0
0.08558359 0.005784854 -0.9963142 0
0.9963305 -0.001426083 0.08557667 0
-0.1559499 0.04996884 0.03633074 1

-0.001225878 0.9999807 0.006080687 0
0.1315979 -0.005866513 0.9912859 0
0.9913023 0.002015324 -0.1315882 0
0.1598491 0.05005505 -0.05964645 1

-0.1569266 -0.9808198 -0.1156125 0
-0.8039895 0.1948572 -0.5618108 0
0.5735633 0.004788166 -0.8191471 0
-0.006958154 0.9180937 -0.0006837784 1

0.4553771 0.06968837 -0.8875669 0
-0.8895539 -0.005149463 -0.4568008 0
-0.03640424 0.9975553 0.05964666 0
-0.06786473 0.7618287 0.07210813 1

0.678637 -0.06022186 -0.7320005 0
0.7334839 0.003846518 0.6796957 0
-0.0381168 -0.9981774 0.04678206 0
0.04146707 0.7627415 -0.08403655 1

0.1014316 0.01410283 -0.9947425 0
-0.007102564 0.9998842 0.01345141 0
0.994817 0.005700771 0.10152 0
-0.1700434 0.02829 0.2088717 1

0.1473612 -0.01417591 0.9889811 0
-0.007143948 -0.9998866 -0.01326777 0
0.9890568 -0.005110168 -0.1474457 0
0.1819241 0.02836157 0.1120538 1

-0.0008510239 -0.9999795 -0.006336554 0
-0.06720555 0.006379396 -0.9977186 0
0.9977388 -0.0004232494 -0.06720969 0
-0.005635737 1.19968 0.01719435 1

-0.1965088 0.8963919 -0.3973227 0
-0.9697939 -0.2374144 -0.05598323 0
-0.1445131 0.3743201 0.9159695 0
-0.115414 0.7478745 0.1648437 1

0.2497543 -0.5512093 -0.7961099 0
0.5985321 -0.5584102 0.5744014 0
-0.7611714 -0.6199565 0.1904511 0
0.1124199 0.7497761 -0.1605423 1

-0.7568389 0.5741084 -0.3124005 0
-0.5782009 -0.8109645 -0.08955325 0
-0.3047592 0.112853 0.9457197 0
-0.08426073 0.5509498 0.2502339 1

0.2193622 -0.6686167 0.710515 0
-0.07555841 0.7144233 0.6956221 0
-0.9727132 -0.2062784 0.106198 0
0.1594707 0.6369667 -0.3397129 1

-0.9468089 0.03832294 -0.3195058 0
0.319944 0.2184794 -0.9219015 0
0.03447557 -0.9750887 -0.2191194 0
0.1134487 0.4082802 0.3309716 1

0.09880117 -0.1234799 0.9874163 0
0.9950562 0.002203421 -0.09929024 0
0.01008455 0.9923445 0.1230872 0
0.2153533 0.469469 -0.1532142 1

-0.7248645 -0.2370958 0.646805 0
0.5564226 -0.7550683 0.3467928 0
0.4061587 0.611275 0.6792479 0
0.1771739 0.4680232 0.3386407 1

-0.3963042 -0.1143832 0.9109663 0
-0.8962465 -0.1670903 -0.4108805 0
0.1992114 -0.9792839 -0.03629696 0
0.2247715 0.4427836 0.3933385 1

-0.0161817 -0.3074706 0.9514199 0
-0.9957027 0.09173126 0.01271013 0
-0.0911829 -0.9471257 -0.3076338 0
0.23114 0.3603656 0.3741781 1

-0.9001458 0.0219341 0.4350363 0
-0.2961336 0.7016087 -0.6481127 0
-0.3194408 -0.7122247 -0.6250547 0
0.1956718 0.519237 -0.08375364 1

-0.8408322 -0.1197265 0.527889 0
0.5223058 0.07659588 0.8493112 0
-0.1421193 0.9898478 -0.001870318 0
0.2423134 0.4973273 -0.02684186 1

-0.9287356 0.1548198 -0.3368697 0
-0.3657944 -0.2346891 0.9006196 0
0.06037391 0.9596623 0.2745962 0
0.2400746 0.4128113 -0.03408183 1

0.9952739 -0.001754869 -0.09709272 0
0.01337839 0.9927804 0.1191967 0
0.09618228 -0.1199323 0.9881117 0
0.1865095 0.4747377 -0.07958735 1

-0.4638867 0.8852176 -0.03462571 0
-0.5469317 -0.255427 0.7972595 0
0.6969038 0.388776 0.6026426 0
0.2323675 0.4852045 0.2907404 1

0.9448446 0.09582305 0.3131882 0
-0.2745121 -0.2898708 0.9168523 0
0.1786397 -0.9522566 -0.2475783 0
0.2675914 0.4588438 0.320986 1

0.9936127 0.02304405 0.1104674 0
-0.1018537 -0.2382809 0.9658406 0
0.0485793 -0.9709228 -0.2344117 0
0.2475788 0.383771 0.296931 1

0.1112859 -0.8940468 0.4339307 0
-0.9732882 -0.009819774 0.2293772 0
-0.2008127 -0.447866 -0.8712576 0
0.12856 0.5203665 -0.05012781 1

-0.9329388 -0.04684812 -0.3569739 0
-0.3585187 0.02998479 0.933041 0
-0.03300756 0.9984518 -0.04476991 0
0.1763495 0.492577 0.02749562 1

0.1964039 0.1157136 -0.9736714 0
-0.9798115 0.06098979 -0.1903937 0
0.03735266 0.9914084 0.1253562 0
0.15932 0.4216841 -0.04768854 1

-0.4095838 0.9106944 -0.05363336 0
-0.5857967 -0.2174816 0.780733 0
0.6993451 0.3511939 0.6225585 0
0.2612696 0.4305021 0.2928433 1

0.9506654 0.07053747 0.3020925 0
-0.2732664 -0.2705204 0.9231167 0
0.1468365 -0.9601264 -0.237899 0
0.2028126 0.4573009 0.2965209 1

0.9946166 -0.003082911 0.1035782 0
-0.1002374 -0.2820822 0.9541394 0
0.02627619 -0.9593851 -0.2808727 0
0.1780827 0.3878201 0.2795087 1

0.1537673 -0.9080277 0.3896682 0
-0.9614353 -0.04648322 0.2710745 0
-0.2280299 -0.4163233 -0.8801573 0
0.135323 0.4650835 -0.02310574 1

-0.931895 -0.01913988 -0.3622226 0
-0.3624499 0.01002472 0.9319492 0
-0.01420631 0.9997665 -0.01627917 0
0.1103221 0.4935092 0.006597091 1

0.1978619 0.1424384 -0.9698257 0
-0.9772462 0.1058052 -0.1838359 0
0.07642727 0.9841324 0.1601321 0
0.1628647 0.4337355 -0.118342 1

1 0 0 0
0 -1.192093E-07 -0.9999999 0
0 0.9999999 -1.192093E-07 0
0 0 0 1

-0.04410493 -0.9671163 -0.2504808 0
-0.1681714 0.2543342 -0.9523825 0
0.9847706 0.0001188905 -0.1738587 0
-0.001450592 0.3361251 -0.01818754 1

-0.04840016 -0.9893848 -0.1370218 0
-0.3387783 0.1453118 -0.9295771 0
0.9396205 0.001428295 -0.3422152 0
0.004363573 0.4733843 0.01483922 1

-0.1558449 -0.9274404 0.3399507 0
-0.1273822 -0.3224122 -0.9379893 0
0.9795337 -0.1894846 -0.06789311 0
-0.1095984 0.3229609 0.004370192 1

-0.1803637 0.9739813 -0.1372209 0
0.06307711 0.1506751 0.9865691 0
0.9815754 0.1692857 -0.08861222 0
0.1078864 0.3229875 -0.03402606 1

0.05236423 -0.9963661 0.06717511 0
-0.5712125 -0.08506075 -0.8163826 0
0.8191302 0.004377959 -0.573591 0
0.004635829 0.6247286 0.01621848 1

-0.1439014 -0.9853364 -0.09167492 0
-0.1380731 0.1117246 -0.9841003 0
0.9799125 -0.1289556 -0.1521257 0
-0.1347707 0.1813164 0.06109658 1

-0.1562094 0.9438266 0.2911875 0
-0.08867103 -0.3070164 0.9475647 0
0.9837358 0.1221985 0.131649 0
0.1376784 0.1733704 -0.008687039 1

0.1481885 -0.9847002 0.09168112 0
-0.8056512 -0.1739661 -0.5662702 0
0.5735559 0.01005176 -0.8191047 0
-0.006479855 0.7579201 0.001361067 1

-1.69985E-05 -0.9999915 -0.004100918 0
0.0850869 0.004084662 -0.9963651 0
0.9963735 -0.00036594 0.08508611 0
-0.1558497 0.05003926 0.03660434 1

-0.0006436333 0.9999872 0.005028262 0
0.131819 -0.004899532 0.9912618 0
0.9912736 0.001300742 -0.1318141 0
0.1598327 0.05009817 -0.05958807 1

-0.1577256 -0.9798592 -0.1224676 0
-0.8038385 0.1994358 -0.5604185 0
0.5735559 0.01005179 -0.8191047 0
-0.006752474 0.9164079 0.003115086 1

0.4554216 0.07552476 -0.8870664 0
-0.889564 -0.001230488 -0.4568087 0
-0.03559193 0.9971429 0.06662374 0
-0.06778514 0.759687 0.07481327 1

0.678578 -0.05565118 -0.732417 0
0.733496 -0.001504593 0.6796921 0
-0.03892776 -0.998449 0.03979914 0
0.04154526 0.7616032 -0.08132333 1

0.1009281 0.01242015 -0.9948161 0
-0.0080075 0.9998997 0.01167114 0
0.9948615 0.006787975 0.1010175 0
-0.1698384 0.02865558 0.2091906 1

0.1475769 -0.01322028 0.9889623 0
-0.007727746 -0.9998957 -0.01221323 0
0.9890203 -0.00584011 -0.1476636 0
0.181934 0.0285726 0.11213 1

-0.001656093 -0.9999113 -0.01320983 0
-0.06721426 0.01329128 -0.9976498 0
0.9977371 -0.0007643351 -0.06723035 0
-0.005203394 1.197863 0.02292848 1

-0.1937728 0.8988497 -0.3930917 0
-0.9706563 -0.2338184 -0.05617231 0
-0.1424026 0.3706722 0.9177818 0
-0.1153446 0.7451232 0.1674499 1

0.253001 -0.5446731 -0.7995757 0
0.5977826 -0.5618131 0.5718585 0
-0.7606882 -0.6226534 0.1834569 0
0.1124864 0.7491156 -0.1579192 1

-0.7621517 0.5709915 -0.305112 0
-0.574496 -0.8137779 -0.08786 0
-0.2984608 0.108323 0.9482549 0
-0.08479389 0.5477085 0.2519216 1

0.2189271 -0.676705 0.7029519 0
-0.07577962 0.7064608 0.7036836 0
-0.9727943 -0.207325 0.1033829 0
0.1602492 0.6377618 -0.3378105 1

-0.9467915 0.03923495 -0.3194468 0
0.3200035 0.2208512 -0.9213156 0
0.0344025 -0.9745179 -0.2216554 0
0.114258 0.4058556 0.330778 1

0.09830815 -0.1256736 0.9871889 0
0.9951001 0.001893505 -0.09885488 0
0.01055423 0.9920699 0.1252438 0
0.216019 0.4681407 -0.1532066 1

-0.7249134 -0.238717 0.6461537 0
0.5563432 -0.7560158 0.344851 0
0.4061807 0.6094704 0.6808546 0
0.177988 0.465573 0.3386055 1

-0.3963544 -0.1167203 0.9106482 0
-0.8962426 -0.165944 -0.4113539 0
0.19913 -0.9792032 -0.03883705 0
0.225581 0.4401872 0.3932394 1

-0.01625002 -0.3099448 0.9506159 0
-0.9956956 0.09178256 0.01290474 0
-0.09124953 -0.9463141 -0.3101021 0
0.2319434 0.3578187 0.3738648 1

-0.9003227 0.02146549 0.4346936 0
-0.295483 0.7031692 -0.6467173 0
-0.3195454 -0.7106984 -0.6267362 0
0.1963336 0.5177684 -0.08364672 1

-0.8411241 -0.1204275 0.5272644 0
0.5219781 0.07447769 0.8497013 0
-0.1415967 0.9899244 0.0002152932 0
0.242939 0.4957106 -0.02676238 1

-0.9285079 0.1560403 -0.3369348 0
-0.3663083 -0.236449 0.8999502 0
0.0607608 0.9590327 0.2767034 0
0.2406588 0.4112117 -0.03418669 1

0.995315 -0.002069604 -0.0966656 0
0.01385 0.9925124 0.1213557 0
0.09569082 -0.1221261 0.9878911 0
0.1871461 0.4732649 -0.07958094 1

-0.4638102 0.8853442 -0.03234191 0
-0.5469887 -0.2574549 0.7965678 0
0.6969101 0.3871467 0.6036835 0
0.2331851 0.4828743 0.2907523 1

0.9448389 0.09492711 0.3134784 0
-0.2745775 -0.2922331 0.9160828 0
0.1785699 -0.9516242 -0.2500483 0
0.2684053 0.456432 0.3209308 1

0.9936098 0.02267194 0.1105711 0
-0.1019169 -0.2407855 0.9652128 0
0.0485073 -0.9703136 -0.2369361 0
0.2483876 0.3814237 0.2966797 1

0.1106265 -0.8950446 0.4320384 0
-0.9733927 -0.00980347 0.2289344 0
-0.2006712 -0.4458691 -0.8723141 0
0.1292078 0.5188603 -0.05004753 1

-0.9328088 -0.0455813 -0.357478 0
-0.3589071 0.02815009 0.9329486 0
-0.0324618 0.9985639 -0.04261829 0
0.176949 0.4908774 0.02753606 1

0.1968867 0.1177217 -0.9733334 0
-0.9796968 0.06191972 -0.1906848 0
0.03782096 0.9911143 0.1275226 0
0.1599147 0.4201565 -0.04780898 1

-0.4095041 0.910866 -0.05128081 0
-0.5858497 -0.2194633 0.7801386 0
0.6993473 0.3495125 0.6235014 0
0.2620825 0.4281641 0.2927143 1

0.950658 0.06967002 0.3023171 0
-0.2733304 -0.2728992 0.9223973 0
0.1467656 -0.9595164 -0.240391 0
0.2036277 0.4549581 0.2964589 1

0.9946121 -0.00343703 0.1036138 0
-0.1003036 -0.2845565 0.9533976 0
0.02620733 -0.9586531 -0.2833678 0
0.1788926 0.385524 0.2792649 1

0.1531198 -0.908952 0.3877643 0
-0.9615773 -0.04656363 0.2705573 0
-0.2278681 -0.4142927 -0.881157 0
0.1359299 0.4635152 -0.02314248 1

-0.931748 -0.01786217 -0.3626665 0
-0.3628484 0.008194482 0.9318122 0
-0.0136722 0.9998069 -0.01411667 0
0.1109312 0.4918897 0.006611076 1

0.1983571 0.1444373 -0.9694291 0
-0.9771106 0.1067196 -0.1840286 0
0.0768766 0.9837422 0.1622996 0
0.1634964 0.4323593 -0.1184346 1

1 0 0 0
0 -1.192093E-07 -0.9999999 0
0 0.9999999 -1.192093E-07 0
0 0 0 1

-0.04498315 -0.9658905 -0.2550138 0
-0.1680579 0.2589507 -0.9511577 0
0.9847502 7.102799E-05 -0.1739739 0
-0.002355176 0.3341195 -0.01823809 1

-0.05028834 -0.9882369 -0.1444257 0
-0.3386095 0.1529143 -0.9284183 0
0.9395822 0.002215311 -0.3423162 0
0.00358334 0.4712169 0.0154321 1

-0.1519706 -0.9179608 0.3664052 0
-0.1263755 -0.3496216 -0.9283285 0
0.9802725 -0.1873833 -0.06287554 0
-0.1105119 0.3209444 0.004270513 1

-0.1863341 0.9694603 -0.1594569 0
0.06658557 0.1743872 0.9824234 0
0.9802274 0.1724414 -0.09704628 0
0.1069684 0.3209605 -0.03415119 1

0.04776949 -0.9973055 0.05567579 0
-0.5716287 -0.07300462 -0.8172582 0
0.8191206 0.007214142 -0.5735757 0
0.004142188 0.6225458 0.01794538 1

-0.1432686 -0.9824998 -0.1190303 0
-0.1329786 0.1382909 -0.9814236 0
0.9807093 -0.1247786 -0.1504642 0
-0.135091 0.1808797 0.06503582 1

-0.1588456 0.9354212 0.315841 0
-0.07774423 -0.3307601 0.9405071 0
0.9842376 0.1248407 0.1252635 0
0.1376963 0.1721503 -0.005407093 1

0.1472405 -0.985597 0.08317985 0
-0.8058197 -0.168298 -0.5677415 0
0.5735632 0.01656657 -0.8189937 0
-0.006359456 0.7559499 0.004625941 1

-0.0001767725 -0.9999967 -0.002551496 0
0.08286659 0.002528131 -0.9965575 0
0.9965606 -0.0003875544 0.08286589 0
-0.1558197 0.05028185 0.03688623 1

-0.0003800392 0.9999954 0.003075763 0
0.131954 -0.002998591 0.9912514 0
0.9912556 0.0007825718 -0.1319521 0
0.1597619 0.05024912 -0.059546 1

-0.1586696 -0.9786139 -0.130916 0
-0.8036475 0.205038 -0.5586683 0
0.5735631 0.01656661 -0.8189937 0
-0.006479462 0.9144167 0.007747358 1

0.455492 0.08273809 -0.8863868 0
-0.8895659 0.003567373 -0.4567928 0
-0.03463207 0.996565 0.07522593 0
-0.06766282 0.757142 0.07809132 1

0.6785224 -0.04998348 -0.7328773 0
0.7334959 -0.008075289 0.6796457 0
-0.03988923 -0.9987174 0.0311834 0
0.04166898 0.7603 -0.07802411 1

0.09871253 0.01086354 -0.9950566 0
-0.007830858 0.999918 0.01013969 0
0.9950852 0.006791268 0.09878948 0
-0.1694269 0.02916767 0.2095362 1

0.1477094 -0.01132801 0.988966 0
-0.007992264 -0.9999157 -0.01025975 0
0.9889984 -0.006388667 -0.1477874 0
0.1818811 0.0290531 0.1122107 1

-0.002608817 -0.9997615 -0.02168591 0
-0.06720438 0.02181227 -0.9975008 0
0.9977359 -0.001144927 -0.0672451 0
-0.004662267 1.195693 0.02994578 1

-0.1909154 0.9018307 -0.3876244 0
-0.9716095 -0.2298275 -0.05616324 0
-0.1397366 0.365897 0.9201049 0
-0.1152359 0.7418252 0.170599 1

0.256896 -0.5366698 -0.8037349 0
0.5968226 -0.5660201 0.5687038 0
-0.7601365 -0.6257849 0.1748884 0
0.1125977 0.7484052 -0.1547255 1

-0.7679277 0.5679521 -0.2961712 0
-0.5706291 -0.8166419 -0.08647558 0
-0.2909799 0.102597 0.9512121 0
-0.0853155 0.5438124 0.2538865 1

0.2184105 -0.6865823 0.6934708 0
-0.07607074 0.6964863 0.7135264 0
-0.9728875 -0.2085945 0.09989109 0
0.1612151 0.6388344 -0.3354804 1

-0.9466476 0.04076591 -0.3196818 0
0.3204637 0.2239734 -0.9204016 0
0.03407934 -0.9737422 -0.2250879 0
0.1151963 0.4027573 0.3304394 1

0.09775294 -0.1289442 0.9868221 0
0.9951493 0.001661645 -0.09836068 0
0.01104327 0.9916505 0.1284812 0
0.2168504 0.4666213 -0.1532557 1

-0.7252715 -0.2406942 0.6450174 0
0.5558865 -0.7574667 0.342395 0
0.4061668 0.6068858 0.6831677 0
0.1789484 0.4624197 0.3385035 1

-0.3967663 -0.1197731 0.9100721 0
-0.8961484 -0.164108 -0.412294 0
0.198732 -0.9791439 -0.04222196 0
0.2265088 0.4368205 0.3930661 1

-0.0167596 -0.3132989 0.949507 0
-0.9956618 0.09215809 0.01283422 0
-0.09152557 -0.9451724 -0.3134842 0
0.2328442 0.3545184 0.3734027 1

-0.900524 0.02055023 0.4343202 0
-0.2947746 0.7054369 -0.644567 0
-0.3196315 -0.7084747 -0.6292053 0
0.1971583 0.516033 -0.08354411 1

-0.8414497 -0.1216765 0.5264571 0
0.5216013 0.07141813 0.850195 0
-0.1410474 0.9899972 0.00337191 0
0.2437235 0.4937642 -0.02670918 1

-0.9282553 0.1576541 -0.3368792 0
-0.3668819 -0.2391761 0.8989954 0
0.06115691 0.9580919 0.2798569 0
0.2414 0.4092911 -0.03440984 1

0.9953609 -0.002308661 -0.09618433 0
0.01434113 0.9921039 0.1245961 0
0.09513719 -0.1253975 0.9875346 0
0.1879441 0.4715217 -0.07962788 1

-0.4634233 0.8856494 -0.02939376 0
-0.5474147 -0.2600395 0.795435 0
0.6968328 0.3847135 0.6053257 0
0.2341719 0.4798667 0.2907338 1

0.9447537 0.09341737 0.3141873 0
-0.2750656 -0.2953555 0.914934 0
0.1782677 -0.9508093 -0.2533424 0
0.2693689 0.4533029 0.3208324 1

0.9935752 0.02185977 0.1110449 0
-0.102403 -0.2441553 0.9643145 0
0.04819207 -0.9694898 -0.2403481 0
0.2493291 0.3783893 0.2963082 1

0.1099173 -0.8965088 0.4291737 0
-0.9735101 -0.01000748 0.2284244 0
-0.2004896 -0.4429126 -0.8738605 0
0.1300167 0.5170528 -0.04997445 1

-0.9326578 -0.04389694 -0.3580816 0
-0.3593502 0.02530999 0.9328596 0
-0.03188669 0.9987152 -0.03937994 0
0.1777041 0.4887907 0.02754093 1

0.1974306 0.1207829 -0.9728476 0
-0.9795681 0.06308615 -0.1909619 0
0.03830821 0.9906723 0.1307702 0
0.1606677 0.4183253 -0.04804254 1

-0.409099 0.9112151 -0.04822062 0
-0.5862532 -0.2219735 0.7791247 0
0.6992463 0.3470085 0.6250116 0
0.2630454 0.4251377 0.2925135 1

0.9505668 0.06819738 0.302939 0
-0.2738131 -0.2760448 0.9213176 0
0.1464563 -0.9587223 -0.2437256 0
0.2046003 0.4519431 0.2963297 1

0.994569 -0.004224958 0.1039957 0
-0.1008037 -0.2878849 0.9523451 0
0.02591537 -0.9576559 -0.2867472 0
0.1798428 0.3825807 0.2788803 1

0.1524246 -0.9102956 0.3848751 0
-0.9617358 -0.0469097 0.2699331 0
-0.2276646 -0.4112926 -0.8826138 0
0.1366948 0.4616167 -0.02324664 1

-0.9315791 -0.01616174 -0.3631791 0
-0.3633019 0.005360342 0.9316561 0
-0.01311043 0.9998552 -0.01086518 0
0.1116972 0.489908 0.006587005 1

0.198914 0.1474848 -0.9688557 0
-0.9769604 0.1078626 -0.1841584 0
0.0773427 0.9831651 0.1655421 0
0.1642909 0.4307561 -0.1186263 1

1 0 0 0
0 -1.192093E-07 -0.9999999 0
0 0.9999999 -1.192093E-07 0
0 0 0 1

-0.04594088 -0.9645256 -0.259961 0
-0.1679298 0.2639892 -0.9497943 0
0.9847279 2.078126E-05 -0.1741005 0
-0.003340887 0.3319862 -0.01826556 1

-0.05237818 -0.9869025 -0.1525779 0
-0.3384071 0.1612886 -0.9270741 0
0.9395409 0.003074948 -0.3424228 0
0.002733249 0.4689033 0.01610691 1

-0.1477951 -0.9078972 0.3922743 0
-0.1255784 -0.3761931 -0.9179916 0
0.9810131 -0.1849359 -0.0584128 0
-0.1115073 0.3187993 0.004189326 1

-0.1931997 0.964098 -0.1821787 0
0.07110145 0.1989459 0.9774278 0
0.9785798 0.1758855 -0.106985 0
0.105968 0.3188043 -0.03426033 1

0.04255779 -0.9981743 0.04285906 0
-0.5720404 -0.05951487 -0.8180633 0
0.8191206 0.01029783 -0.5735288 0
0.003609622 0.6202047 0.01987026 1

-0.1421799 -0.9787082 -0.1480377 0
-0.1261265 0.1662511 -0.977984 0
0.9817724 -0.1203782 -0.1470786 0
-0.1354457 0.1804013 0.06890108 1

-0.1594297 0.926384 0.3411669 0
-0.0658301 -0.3547944 0.9326239 0
0.985012 0.1262289 0.1175487 0
0.137774 0.1709352 -0.002042262 1

0.1462381 -0.9864907 0.07382814 0
-0.805976 -0.1620863 -0.5693247 0
0.5736001 0.02375325 -0.818791 0
-0.006195098 0.7538218 0.008266176 1

-0.0005656816 -0.9999951 -0.003084615 0
0.08495969 0.003025502 -0.9963797 0
0.9963843 -0.0008257377 0.08495752 0
-0.1558885 0.05065107 0.03688733 1

-0.000171788 0.9999974 0.002323389 0
0.1317501 -0.002280504 0.9912804 0
0.991283 0.0004763539 -0.1317493 0
0.1598087 0.05055292 -0.05949119 1

-0.1596595 -0.9771661 -0.1401965 0
-0.803425 0.2111445 -0.5567102 0
0.5736001 0.02375328 -0.818791 0
-0.006154347 0.912252 0.01289081 1

0.4555977 0.0906802 -0.8855551 0
-0.8895506 0.008803849 -0.4567518 0
-0.03362209 0.9958411 0.08467568 0
-0.06749906 0.7543792 0.08173863 1

0.6784891 -0.04371697 -0.7333084 0
0.733471 -0.01526723 0.6795495 0
-0.04090349 -0.9989274 0.02170649 0
0.04183979 0.7589071 -0.07433815 1

0.1008057 0.01135398 -0.9948412 0
-0.00745786 0.9999154 0.01065606 0
0.9948782 0.006345157 0.1008819 0
-0.1698665 0.02945044 0.2094971 1

0.1475042 -0.01061459 0.9890045 0
-0.008199036 -0.9999213 -0.009508817 0
0.9890274 -0.006706322 -0.1475796 0
0.1818882 0.02948154 0.1122859 1

-0.003611125 -0.9995129 -0.03099726 0
-0.06715799 0.03116987 -0.9972552 0
0.9977358 -0.001519533 -0.06723772 0
-0.004055524 1.193307 0.03770811 1

-0.1883332 0.9050157 -0.3814146 0
-0.9725467 -0.2259131 -0.05582428 0
-0.1366885 0.36043 0.9227169 0
-0.11509 0.7382338 0.1740964 1

0.2611744 -0.5280057 -0.8080828 0
0.5956512 -0.5705977 0.5653477 0
-0.7595972 -0.6289896 0.1654815 0
0.1127585 0.7476687 -0.1511481 1

-0.7735814 0.5653219 -0.2863264 0
-0.5670366 -0.8192412 -0.08551811 0
-0.2829157 0.09620239 0.954308 0
-0.08573971 0.5395766 0.2560433 1

0.2178356 -0.6974438 0.6827297 0
-0.07636447 0.685204 0.7243368 0
-0.9729934 -0.2099226 0.09600171 0
0.1623164 0.6400279 -0.3328051 1

-0.9464228 0.0427254 -0.3200908 0
0.3211804 0.2275734 -0.9192677 0
0.03356814 -0.972823 -0.2291034 0
0.1162032 0.3992115 0.3300625 1

0.09720626 -0.132921 0.9863483 0
0.9951974 0.001485316 -0.09787802 0
0.01154494 0.9911255 0.1324271 0
0.2178025 0.4649581 -0.1532732 1

-0.7258294 -0.242881 0.6435684 0
0.5551699 -0.7592521 0.3395916 0
0.4061505 0.6037754 0.6859277 0
0.1799902 0.4587972 0.3384129 1

-0.397407 -0.1232801 0.9093237 0
-0.8960036 -0.1617966 -0.4135208 0
0.1981044 -0.9790933 -0.04616041 0
0.2274999 0.4329401 0.3928982 1

-0.01755392 -0.3172221 0.9481888 0
-0.9956077 0.09277114 0.01260523 0
-0.0919631 -0.9438026 -0.3174575 0
0.2337923 0.3507161 0.3728975 1

-0.9007208 0.01933721 0.4339683 0
-0.2940645 0.7081613 -0.6418988 0
-0.319732 -0.705786 -0.6321691 0
0.198105 0.5141035 -0.08337516 1

-0.8417713 -0.1232884 0.5255674 0
0.521234 0.06774119 0.8507214 0
-0.1404866 0.9900561 0.007239477 0
0.2446303 0.4915825 -0.02660693 1

-0.9280039 0.159521 -0.3366932 0
-0.367449 -0.2425382 0.8978624 0
0.06156686 0.956937 0.2836921 0
0.2422625 0.407142 -0.03464447 1

0.9954056 -0.002493793 -0.09571739 0
0.01484494 0.9915927 0.1285454 0
0.09459217 -0.1293758 0.9870738 0
0.1888636 0.4695823 -0.07964028 1

-0.462814 0.886074 -0.02600476 0
-0.5480784 -0.262969 0.7940136 0
0.6967161 0.3817331 0.6073436 0
0.2352547 0.4764052 0.2907499 1

0.944622 0.09148072 0.3151515 0
-0.2758267 -0.2989627 0.9135322 0
0.1777892 -0.9498697 -0.257174 0
0.2704155 0.4496932 0.3207598 1

0.9935208 0.02073343 0.1117443 0
-0.1031603 -0.2480833 0.9632304 0
0.04769309 -0.9685169 -0.2443371 0
0.2503408 0.3748954 0.2959128 1

0.1092022 -0.8982702 0.4256593 0
-0.9736254 -0.01036034 0.227918 0
-0.200322 -0.4393216 -0.8757099 0
0.1309478 0.5150283 -0.04983375 1

-0.9325108 -0.04194172 -0.3586986 0
-0.3597834 0.0218069 0.9327812 0
-0.03130055 0.9988821 -0.03542509 0
0.1785821 0.486431 0.02759147 1

0.1979659 0.124536 -0.9722657 0
-0.9794406 0.06440306 -0.1911774 0
0.03880826 0.9901227 0.1347252 0
0.1615418 0.4162763 -0.04827966 1

-0.4084611 0.911681 -0.04469214 0
-0.5868811 -0.2248096 0.7778373 0
0.6990924 0.3439451 0.6268744 0
0.2640905 0.4216499 0.2923204 1

0.9504251 0.06630369 0.3038026 0
-0.274565 -0.2796793 0.9199966 0
0.1459665 -0.957801 -0.2476098 0
0.2056611 0.4484784 0.296212 1

0.9945017 -0.005322391 0.1045876 0
-0.1015826 -0.291764 0.951081 0
0.02545292 -0.9564756 -0.2907004 0
0.180868 0.3792055 0.2784598 1

0.1517229 -0.9119049 0.3813266 0
-0.9618918 -0.0474339 0.2692851 0
-0.2274747 -0.4076516 -0.8843504 0
0.1375817 0.4594825 -0.02332332 1

-0.931414 -0.01418714 -0.3636853 0
-0.3637457 0.001864544 0.9314965 0
-0.01253733 0.9998978 -0.006897062 0
0.1125859 0.4876692 0.006610584 1

0.1994626 0.1512209 -0.9681669 0
-0.9768107 0.1091506 -0.1841949 0
0.07782175 0.9824553 0.1694855 0
0.165206 0.4289855 -0.1188117 1

1 0 0 0
0 -1.192093E-07 -0.9999999 0
0 0.9999999 -1.192093E-07 0
0 0 0 1

-0.04688489 -0.9631349 -0.264902 0
-0.1678074 0.269019 -0.9484036 0
0.9847044 -1.337221E-05 -0.174234 0
-0.004326735 0.3298744 -0.01825299 1

-0.05449331 -0.9854777 -0.160823 0
-0.3381919 0.1697586 -0.9256393 0
0.9394982 0.003947827 -0.3425313 0
0.00188107 0.4666075 0.01682097 1

-0.1435662 -0.898192 0.4154995 0
-0.1252185 -0.3999878 -0.9079262 0
0.9816869 -0.1823758 -0.05504554 0
-0.1125026 0.3166744 0.004148851 1

-0.2005354 0.9583421 -0.2033869 0
0.07512213 0.2220348 0.9721407 0
0.9768021 0.1796697 -0.1165185 0
0.1049675 0.3166718 -0.03433029 1

0.0370732 -0.9988721 0.02966884 0
-0.572409 -0.04556236 -0.8187014 0
0.8191299 0.01336908 -0.5734524 0
0.003079025 0.61787 0.02185018 1

-0.1407433 -0.9742382 -0.1762138 0
-0.1211945 0.1936006 -0.9735658 0
0.9826003 -0.1156668 -0.1453203 0
-0.1357899 0.1798754 0.07240139 1

-0.1591838 0.9170924 0.3655164 0
-0.05466304 -0.3778568 0.9242491 0
0.9857345 0.1271451 0.1102798 0
0.1379219 0.1697987 0.001127197 1

0.1453002 -0.9872907 0.06438189 0
-0.806098 -0.1558619 -0.5708883 0
0.5736675 0.03105198 -0.8184996 0
-0.005991813 0.7516806 0.01201282 1

-0.0006428808 -0.9999864 -0.005178689 0
0.08526754 0.005104974 -0.996345 0
0.9963581 -0.001082149 0.08526305 0
-0.1559644 0.05106294 0.03664858 1

-0.0001243725 0.9999941 0.003459602 0
0.1313746 -0.003413201 0.991327 0
0.9913328 0.0005777014 -0.1313733 0
0.1597615 0.05094688 -0.05949517 1

-0.1605767 -0.9756268 -0.1495576 0
-0.8031942 0.2172282 -0.5546988 0
0.5736675 0.03105204 -0.8184995 0
-0.00580135 0.910059 0.01815486 1

0.4557318 0.09872755 -0.884625 0
-0.8895169 0.01402104 -0.456687 0
-0.03268432 0.9950157 0.09420968 0
-0.06729928 0.7515922 0.08548444 1

0.678488 -0.0373337 -0.7336622 0
0.7334185 -0.02247054 0.6794057 0
-0.0418504 -0.9990501 0.01213509 0
0.04205241 0.7575113 -0.07053681 1

0.1011138 0.01342891 -0.9947842 0
-0.007382996 0.9998915 0.01274729 0
0.9948477 0.006055508 0.1012018 0
-0.1699973 0.02950209 0.2092092 1

0.1471292 -0.0117456 0.9890477 0
-0.008243702 -0.9999095 -0.01064823 0
0.9890829 -0.00658685 -0.1472126 0
0.181775 0.02967922 0.1122662 1

-0.004543088 -0.9991738 -0.04038728 0
-0.06707454 0.04060122 -0.9969215 0
0.9977378 -0.001820248 -0.06720369 0
-0.00344111 1.190867 0.04561196 1

-0.1864543 0.9080998 -0.3749525 0
-0.9733606 -0.2225771 -0.05503365 0
-0.133432 0.3547028 0.925409 0
-0.1149107 0.7346079 0.1776815 1

0.2655712 -0.5194965 -0.8121548 0
0.5942888 -0.5751102 0.5622001 0
-0.7591395 -0.6319586 0.1559981 0
0.1129649 0.7469423 -0.1474477 1

-0.7785711 0.5634438 -0.27633 0
-0.5641595 -0.8212733 -0.08505477 0
-0.2748661 0.08967309 0.9572916 0
-0.08597669 0.5353212 0.2582386 1

0.2172437 -0.7085202 0.6714196 0
-0.0765972 0.6733525 0.7353431 0
-0.9731075 -0.2111773 0.09201095 0
0.1634914 0.641197 -0.3299497 1

-0.9461713 0.04489621 -0.3205372 0
0.3219851 0.23137 -0.9180378 0
0.03294631 -0.9718295 -0.2333715 0
0.1172312 0.3954495 0.3296879 1

0.09674577 -0.1372353 0.9858024 0
0.9952363 0.001356746 -0.09748272 0
0.01204032 0.9905375 0.136713 0
0.2188243 0.4632108 -0.1532545 1

-0.7264595 -0.2451363 0.6420007 0
0.5543327 -0.7611883 0.336612 0
0.4061676 0.600417 0.6888591 0
0.18106 0.4549467 0.3383443 1

-0.3981217 -0.1269727 0.9085028 0
-0.8958522 -0.1592517 -0.414835 0
0.1973534 -0.9790388 -0.05034715 0
0.2285122 0.4288113 0.3927468 1

-0.01845005 -0.321389 0.9467677 0
-0.9955419 0.09351289 0.01234318 0
-0.09250191 -0.9423187 -0.3216813 0
0.2347526 0.3466713 0.3723878 1

-0.9008802 0.0179611 0.4336965 0
-0.2934214 0.711091 -0.6389472 0
-0.3198736 -0.7028708 -0.6353374 0
0.1991265 0.5120648 -0.08315251 1

-0.8420455 -0.1250915 0.5247017 0
0.5209374 0.06377595 0.8512091 0
-0.1399426 0.9900934 0.01146282 0
0.2456171 0.4892728 -0.02646404 1

-0.9277835 0.1614885 -0.3363625 0
-0.3679352 -0.2462115 0.8966624 0
0.06198415 0.9556682 0.2878484 0
0.2432058 0.4048693 -0.03486725 1

0.9954414 -0.002631793 -0.09533914 0
0.01534218 0.9910196 0.1328346 0
0.09413346 -0.1336918 0.9865421 0
0.1898591 0.4675329 -0.07961363 1

-0.4620882 0.886551 -0.02240635 0
-0.5488264 -0.2660306 0.7924756 0
0.6966092 0.3784908 0.6094917 0
0.2363709 0.4727205 0.2907967 1

0.9444811 0.08933174 0.3161891 0
-0.2766846 -0.3027696 0.9120179 0
0.1772045 -0.948868 -0.2612434 0
0.27149 0.4458482 0.320712 1

0.9934612 0.01944348 0.1125046 0
-0.1040115 -0.2522484 0.9620565 0
0.04708488 -0.9674674 -0.2485766 0
0.2513725 0.3711768 0.2955217 1

0.1085389 -0.9001613 0.4218163 0
-0.9737203 -0.01080558 0.2274915 0
-0.2002209 -0.4354228 -0.877678 0
0.1319568 0.5128818 -0.04963363 1

-0.932393 -0.03987484 -0.3592399 0
-0.3601372 0.01797583 0.9327263 0
-0.03073488 0.999043 -0.03112078 0
0.1795448 0.4839239 0.02768584 1

0.1984162 0.1286259 -0.9716411 0
-0.9793298 0.06577116 -0.1912791 0
0.03930221 0.9895099 0.1390172 0
0.1624956 0.4141071 -0.04849432 1

-0.4077023 0.9121968 -0.04094395 0
-0.5875878 -0.227769 0.7764418 0
0.6989419 0.3406151 0.6288573 0
0.265162 0.4179357 0.292145 1

0.9502717 0.06420041 0.3047328 0
-0.2754119 -0.2835159 0.918568 0
0.1453692 -0.9568161 -0.2517355 0
0.2067513 0.4447936 0.2961154 1

0.994426 -0.006581271 0.1052336 0
-0.1024604 -0.2958762 0.9497151 0
0.02488587 -0.9552038 -0.2949013 0
0.1819149 0.3756197 0.2780411 1

0.1510695 -0.9136279 0.3774417 0
-0.9620234 -0.04806388 0.2687027 0
-0.2273528 -0.4037007 -0.8861921 0
0.1385495 0.4572183 -0.02336086 1

-0.9312789 -0.01209955 -0.3641064 0
-0.3641101 -0.001958631 0.9313539 0
-0.01198235 0.9999251 -0.002581388 0
0.1135575 0.4852893 0.006684826 1

0.199926 0.155292 -0.9674266 0
-0.976678 0.1104866 -0.1841021 0
0.07829785 0.9816706 0.1737595 0
0.1661944 0.4271189 -0.1189693 1

1 0 0 0
0 -1.192093E-07 -0.9999999 0
0 0.9999999 -1.192093E-07 0
0 0 0 1

