MeshAnim
1
21
42
30
-1 0 0 0
0 -1.192093E-07 0.9999999 0
0 0.9999999 1.192093E-07 0
0 0 0 1

0.04289186 -0.9690147 0.2432497 0
0.1682679 0.2470023 0.9542933 0
-0.9848076 -2.591191E-07 0.1736486 0
-1.410954E-07 0.3398852 0.01820966 1

0.04562981 -0.9910607 0.1253648 0
0.3389631 0.1334108 0.9312924 0
-0.9396924 -6.107414E-07 0.3420205 0
-0.00564269 0.4773944 -0.0137908 1

0.1621394 -0.9422842 -0.2929352 0
0.1359791 -0.2726952 0.9524425 0
-0.9773538 -0.1942616 0.08391637 0
0.1081367 0.3267604 -0.004423268 1

0.1709979 0.9805151 0.09669507 0
-0.04989563 0.1066323 -0.9930459 0
-0.9840071 0.1649841 0.06715734 0
-0.1093562 0.3267606 0.03392659 1

-0.05942598 -0.9946182 -0.08487047 0
0.57049 -0.1036071 0.8147433 0
-0.8191517 -7.91082E-07 0.5735767 0
-0.005495752 0.6287447 -0.01338685 1

0.1470303 -0.9883598 0.03907357 0
0.1562016 0.06220784 0.9857643 0
-0.9767206 -0.1388338 0.1635299 0
0.1342411 0.1826139 -0.0539717 1

0.1539437 0.9571867 -0.2451428 0
0.114033 -0.2636535 -0.9578536 0
-0.9814773 0.1195011 -0.1497387 0
-0.1376474 0.1759356 0.01478794 1

-0.1498294 -0.9831298 -0.1049129 0
0.805333 -0.1829086 0.5638998 0
-0.5735763 -9.76819E-07 0.8191522 0
0.00656307 0.7615689 0.003835109 1

0.001090046 -0.9999862 0.005116552 0
-0.08485463 0.005005643 0.9963807 0
-0.9963927 -0.001520262 -0.08484798 0
0.1560236 0.05032754 -0.03654353 1

0.0008503869 0.9999865 -0.005161345 0
-0.1311709 -0.005005226 -0.9913471 0
-0.9913594 0.001520042 0.1311648 0
-0.1598231 0.0503311 0.05961599 1

0.1560824 -0.9816791 0.1092888 0
0.8041444 0.1905407 0.563068 0
-0.5735763 -9.470167E-07 0.8191522 0
0.007100584 0.9200651 0.004211695 1

-0.4553357 0.06435538 0.8879908 0
0.8895397 -0.008857706 0.456772 0
0.0372613 0.9978876 -0.0532134 0
0.06787464 0.7642205 -0.06958526 1

-0.6787038 -0.0643576 0.7315867 0
-0.733466 0.008857941 -0.6796682 0
0.03726147 -0.9978876 -0.0532161 0
-0.04145967 0.7642204 0.08656042 1

-0.1007052 0.01332258 0.994827 0
0.006932713 0.9998953 -0.01268858 0
-0.9948919 0.005619061 -0.100787 0
0.169995 0.02878355 -0.2091217 1

-0.146932 -0.01332277 -0.9890568 0
0.00751628 -0.9998956 0.01235205 0
-0.9891178 -0.005619166 0.1470168 0
-0.1818179 0.02878709 -0.1121269 1

-1.862645E-08 -0.9999998 -1.549721E-06 0
0.06719013 -1.489847E-06 0.9977403 0
-0.9977401 -6.016374E-08 0.06719005 0
0.006018293 1.20176 -0.01188134 1

0.2229929 0.7157018 0.6618495 0
0.9171379 -0.3841153 0.1063638 0
0.3303515 0.5832888 -0.7420526 0
0.1154141 0.7508237 -0.1624085 1

-0.4552691 -0.8691362 0.1932149 0
-0.3594778 -0.01910203 -0.9329581 0
0.8145584 -0.4942035 -0.3037388 0
-0.1124253 0.7508233 0.1629801 1

0.7450888 0.2381717 0.6229901 0
-0.08142681 -0.8945965 0.4393934 0
0.661976 -0.3781151 -0.6471604 0
0.07790554 0.5913052 -0.3044961 1

-0.110092 -0.05115375 -0.9926041 0
0.2229756 0.9719485 -0.07481991 0
0.9685872 -0.2295635 -0.09559787 0
-0.2067966 0.5628169 0.2157968 1

0.9572165 0.2232438 0.1841166 0
-0.2352171 0.9708681 0.04569615 0
-0.1685514 -0.08704843 0.9818419 0
-0.1129314 0.5353807 -0.4670272 1

-0.02853347 -0.1645351 -0.9859583 0
-0.9992111 -0.02256783 0.03268316 0
-0.02762834 0.986113 -0.1637613 0
-0.233761 0.5553643 -0.03950628 1

0.03410223 -0.08399222 0.995883 0
-0.9723389 -0.2331771 0.01363021 0
0.2310721 -0.9688002 -0.08962096 0
-0.1673107 0.552504 -0.5336503 1

0.7739167 -0.6323289 0.03483272 0
0.5870985 0.7370053 0.3348709 0
-0.2374205 -0.2387118 0.9416202 0
-0.2209314 0.4975583 -0.5331965 1

0.5837904 -0.8105502 0.04687621 0
0.807246 0.5856485 0.07328011 0
-0.08685043 -0.004939555 0.9962093 0
-0.2385556 0.4911392 -0.4504403 1

0.9266293 0.03090464 -0.3747042 0
0.2332096 0.7344843 0.6372962 0
0.2949097 -0.6779218 0.6733873 0
-0.2107319 0.6029421 -0.1094706 1

0.9157956 -0.1114809 -0.3858635 0
-0.3846043 0.03346205 -0.9224748 0
0.1157503 0.993203 -0.01223153 0
-0.2528298 0.5775054 -0.1684213 1

0.899467 0.1944427 0.3913455 0
0.4318711 -0.2588771 -0.8639852 0
-0.06668496 0.9461368 -0.3168254 0
-0.2488811 0.4934339 -0.1576155 1

-0.9991762 -0.02661308 0.03063879 0
-0.03118795 0.9866049 -0.1601195 0
-0.02596685 -0.1609434 -0.9866219 0
-0.2128731 0.5724569 -0.06223377 1

0.1196657 -0.09943571 0.9878224 0
-0.9876876 -0.1129075 0.1082842 0
0.1007653 -0.9886175 -0.1117226 0
-0.1708772 0.5581745 -0.6084241 1

0.02494249 -0.9876471 -0.1546972 0
0.9505115 -0.02450754 0.3097214 0
-0.3096869 -0.1547666 0.9381589 0
-0.2920635 0.5438668 -0.5442466 1

-0.1781523 -0.9752305 -0.1311021 0
0.9777341 -0.1904543 0.08810766 0
-0.1108944 -0.1124862 0.9874461 0
-0.2980984 0.5478547 -0.4552527 1

-0.05831299 -0.9130596 -0.4036361 0
0.9864978 0.00928101 -0.1635124 0
0.1530426 -0.4077209 0.9001897 0
-0.1415519 0.6046947 -0.1385741 1

0.8149551 0.004154315 0.5795093 0
0.5793759 0.01677433 -0.8148877 0
-0.01310596 0.9998508 0.01126355 0
-0.1790752 0.5729802 -0.2116202 1

-0.2647623 0.1477515 0.9529274 0
0.9627642 0.09650165 0.2525325 0
-0.05464678 0.9843054 -0.1677998 0
-0.1694908 0.5051479 -0.1390375 1

0.1738151 -0.1293205 0.9762505 0
-0.9820964 -0.09587663 0.1621557 0
0.07262944 -0.986957 -0.1436701 0
-0.1781142 0.564207 -0.669607 1

0.01208152 -0.9914575 -0.1298691 0
0.9565564 -0.02637635 0.2903515 0
-0.2912967 -0.127735 0.9480666 0
-0.2965253 0.6127592 -0.5386668 1

-0.1816036 -0.9778133 -0.1044091 0
0.9718232 -0.1946808 0.1328882 0
-0.1502664 -0.07733414 0.9856166 0
-0.2955879 0.6193855 -0.4500867 1

-0.1033114 -0.9265268 -0.3617666 0
0.9784534 -0.02930024 -0.2043795 0
0.1787634 -0.3750865 0.90959 0
-0.1450268 0.548232 -0.1637144 1

0.8116924 0.03193992 0.5832114 0
0.5835834 -0.002955995 -0.8120479 0
-0.02421258 0.9994855 -0.02103893 0
-0.1204494 0.5773825 -0.1750024 1

-0.2666539 0.1742538 0.9479091 0
0.9594796 0.1409363 0.2440003 0
-0.09107658 0.9745628 -0.204774 0
-0.1781194 0.5198278 -0.06932551 1

-1 0 0 0
0 -1.192093E-07 0.9999999 0
0 0.9999999 1.192093E-07 0
0 0 0 1

0.04596901 -0.9636227 0.2632833 0
0.1658144 0.2672662 0.9492493 0
-0.985085 2.012586E-05 0.1720685 0
-7.872842E-05 0.3321626 0.009360616 1

0.06455909 -0.9797373 0.1895965 0
0.3327796 0.2002541 0.9214965 0
-0.9407921 0.003602889 0.3389648 0
-0.00616208 0.4689603 -0.02548256 1

0.1496262 -0.9294683 -0.3371951 0
0.1460074 -0.3165247 0.93728 0
-0.9779028 -0.1894746 0.08834887 0
0.1081415 0.3189648 -0.0128269 1

0.1870382 0.975058 0.1194949 0
-0.08564539 0.137364 -0.9868112 0
-0.9786121 0.1743371 0.1092015 0
-0.1094127 0.3189696 0.02517399 1

-0.06757196 -0.997714 -0.0009175536 0
0.5651261 -0.03903212 0.8240806 0
-0.8222327 0.05516622 0.5664715 0
-0.008980884 0.6199908 -0.03491146 1

0.1643406 -0.974167 0.1548892 0
0.1478065 0.1795713 0.9725777 0
-0.9752669 -0.1369403 0.173499 0
0.1322692 0.1769814 -0.06915841 1

0.1420006 0.931168 -0.335801 0
0.06640871 -0.347436 -0.9353493 0
-0.9876364 0.11052 -0.1111738 0
-0.1403293 0.1691368 0.002608285 1

-0.1566059 -0.9876254 -0.00839777 0
0.7988753 -0.1316667 0.5869088 0
-0.5807518 0.08520459 0.8096094 0
0.0041335 0.7536925 -0.0288966 1

0.00107903 -0.9999859 0.005187347 0
-0.08536141 0.005076274 0.9963371 0
-0.9963495 -0.001517867 -0.08535476 0
0.1560161 0.04801109 -0.03628522 1

0.0008609705 0.9999861 -0.005232945 0
-0.1307933 -0.005075396 -0.9913968 0
-0.9914094 0.001537969 0.130787 0
-0.1599866 0.04801767 0.05936699 1

0.1474095 -0.9670613 0.2075154 0
0.8006234 0.2398591 0.5490626 0
-0.5807518 0.08520464 0.8096094 0
0.005910797 0.9114373 -0.04422303 1

-0.4626215 0.1552489 0.8728568 0
0.8853848 0.0303153 0.4638692 0
0.04555423 0.98741 -0.1514795 0
0.06610832 0.7486255 -0.1016299 1

-0.6856055 0.01321234 0.7278532 0
-0.727359 -0.05349997 -0.6841686 0
0.02990083 -0.9984804 0.04628992 0
-0.04459377 0.7648671 0.0526967 1

-0.1012111 0.01339324 0.9947747 0
0.006947607 0.9998944 -0.0127553 0
-0.9948409 0.005620298 -0.1012935 0
0.1700735 0.02645489 -0.2088318 1

-0.1465553 -0.01339233 -0.989112 0
0.007502962 -0.9998949 0.01242663 0
-0.9891741 -0.005600121 0.1466403 0
-0.1819137 0.02646149 -0.1123619 1

0.02641794 -0.9949714 0.09661312 0
0.07153846 0.09828071 0.9925839 0
-0.9970878 -0.01931046 0.0737751 0
-0.002645863 1.190132 -0.0874516 1

0.2359276 0.732518 0.6385572 0
0.9141135 -0.390265 0.1099534 0
0.3297494 0.5577728 -0.7616789 0
0.1143568 0.7257609 -0.1922103 1

-0.4447699 -0.8564528 0.2620468 0
-0.3571164 -0.09873462 -0.9288269 0
0.8213696 -0.5066954 -0.261939 0
-0.1163324 0.7596058 0.1293868 1

0.7792962 0.2159319 0.5882777 0
-0.09308437 -0.8884556 0.4494239 0
0.6197038 -0.4049938 -0.6722703 0
0.07401135 0.5625291 -0.3292106 1

-0.1381295 -0.1703939 -0.9756467 0
0.2100674 0.9576363 -0.1969891 0
0.9678802 -0.2321616 -0.09648361 0
-0.2084567 0.5752837 0.1970621 1

0.9590771 0.2230941 0.1743566 0
-0.2321785 0.9721032 0.03330318 0
-0.162063 -0.0724222 0.9841193 0
-0.1255383 0.5122808 -0.4828887 1

-0.03701964 -0.1756822 -0.9837507 0
-0.9989022 -0.02177963 0.04147944 0
-0.02871301 0.9842063 -0.174683 0
-0.242696 0.5371322 -0.05459566 1

0.1625141 -0.1275139 0.9784322 0
-0.9620366 -0.2408275 0.1284053 0
0.2192599 -0.9621553 -0.161811 0
-0.1803247 0.5286012 -0.5493799 1

0.7278354 -0.6854885 0.01901638 0
0.6418058 0.690698 0.3331996 0
-0.2415392 -0.2303098 0.9426646 0
-0.2340946 0.4738235 -0.5477691 1

0.509137 -0.8592749 0.04926066 0
0.8573851 0.5113608 0.0583186 0
-0.07530203 0.01254304 0.997082 0
-0.2511693 0.468647 -0.4648108 1

0.9234 0.02627156 -0.3829398 0
0.2388878 0.7415596 0.626915 0
0.3004428 -0.670373 0.6784799 0
-0.220251 0.5839048 -0.1252891 1

0.9124257 -0.1162268 -0.3923919 0
-0.3924711 0.02316989 -0.9194726 0
0.115959 0.9929527 -0.02447478 0
-0.2628599 0.5578194 -0.1835855 1

0.9028444 0.1984887 0.381412 0
0.4243813 -0.2688283 -0.8646575 0
-0.06909046 0.942515 -0.3269448 0
-0.2588458 0.4738741 -0.1718619 1

-0.9988862 -0.02584779 0.03948073 0
-0.03224124 0.9847407 -0.1710168 0
-0.03445771 -0.1720993 -0.9844769 0
-0.2219978 0.5539575 -0.07769316 1

0.2576269 -0.1428397 0.9556283 0
-0.9623555 -0.1265774 0.2405209 0
0.08660519 -0.9816189 -0.1700723 0
-0.1935231 0.5375326 -0.6227421 1

-0.1378866 -0.9741951 -0.1786956 0
0.9398766 -0.1856132 0.2866703 0
-0.3124412 -0.1284239 0.9412163 0
-0.3019241 0.5251218 -0.5574651 1

-0.3406119 -0.9310074 -0.131184 0
0.9333335 -0.3516524 0.07231428 0
-0.1134566 -0.09780728 0.988717 0
-0.3054295 0.5304381 -0.4695887 1

-0.06205572 -0.9175496 -0.3927503 0
0.9850661 0.007016905 -0.1720361 0
0.1606076 -0.3975607 0.9034109 0
-0.1513219 0.5852987 -0.155001 1

0.8198843 0.01037933 0.5724357 0
0.5723894 0.007300221 -0.8199499 0
-0.01268946 0.9999198 4.437564E-05 0
-0.1894789 0.5527744 -0.2273595 1

-0.2565536 0.1586478 0.9534209 0
0.9649206 0.09895505 0.2431814 0
-0.05576563 0.9823642 -0.1784696 0
-0.1792956 0.4857647 -0.1540974 1

0.3096882 -0.1716826 0.9352105 0
-0.9492893 -0.1119458 0.2938 0
0.05425255 -0.9787716 -0.1976445 0
-0.2093063 0.5462551 -0.6819613 1

-0.1507125 -0.9765611 -0.1536704 0
0.9451652 -0.1879018 0.267125 0
-0.289739 -0.1049848 0.9513305 0
-0.2950921 0.5936561 -0.5501444 1

-0.3440494 -0.9331244 -0.1044484 0
0.9274651 -0.3550781 0.1171687 0
-0.1464204 -0.05656045 0.9876042 0
-0.2909194 0.6005139 -0.4642517 1

-0.1066986 -0.9305227 -0.3503475 0
0.9766601 -0.03202147 -0.2123932 0
0.1864183 -0.3648325 0.9122205 0
-0.1550298 0.5285563 -0.1794693 1

0.8166624 0.03820654 0.5758504 0
0.5766144 -0.0123984 -0.8169227 0
-0.02407218 0.9991933 -0.03215573 0
-0.1305406 0.5575668 -0.1912966 1

-0.2584794 0.1850922 0.9481192 0
0.9615773 0.1432915 0.2341745 0
-0.09251355 0.9722185 -0.2150181 0
-0.1873229 0.5012371 -0.08448498 1

-1 0 0 0
0 -1.192093E-07 0.9999999 0
0 0.9999999 1.192093E-07 0
0 0 0 1

0.05249453 -0.9525161 0.2999293 0
0.163886 0.3044885 0.9383113 0
-0.9850817 -0.0001020637 0.172088 0
-8.178782E-05 0.324382 -0.01048318 1

0.0990582 -0.9467966 0.3062087 0
0.3206188 0.3216796 0.8909129 0
-0.9420145 0.009923954 0.3354257 0
-0.007091808 0.4597028 -0.05053062 1

0.1122651 -0.9254049 -0.36197 0
0.1842704 -0.3385663 0.9227227 0
-0.9764431 -0.17029 0.1325155 0
0.1082282 0.311082 -0.03216588 1

0.2278394 0.9675257 0.1094693 0
-0.1477639 0.1454808 -0.9782645 0
-0.9624216 0.2067115 0.1761115 0
-0.1093252 0.3110598 0.0058393 1

-0.08363692 -0.9846526 0.15318 0
0.5523909 0.08212745 0.8295296 0
-0.829379 0.1539945 0.5370441 0
-0.01533413 0.6082977 -0.07807491 1

0.207548 -0.9206056 0.330771 0
0.1535508 0.3646019 0.9184158 0
-0.9660985 -0.1398253 0.2170321 0
0.1264126 0.1697902 -0.09233758 1

0.1002013 0.8764548 -0.4709425 0
-0.002102797 -0.4731372 -0.8809863 0
-0.9949651 0.08926626 -0.04556603 0
-0.1467909 0.1624806 -0.01502793 1

-0.1708238 -0.9708105 0.1683631 0
0.7842388 -0.03052158 0.6197078 0
-0.5964803 0.2378978 0.7665611 0
-0.0001534717 0.7411116 -0.09271449 1

0.001193121 -0.9999859 0.005199641 0
-0.08763073 0.005075067 0.9961401 0
-0.9961525 -0.001644265 -0.08762341 0
0.1560144 0.0503037 -0.03643938 1

0.0007376783 0.9999862 -0.005240649 0
-0.1302904 -0.005099804 -0.9914628 0
-0.9914757 0.001414141 0.1302848 0
-0.1599845 0.05028303 0.05923791 1

0.1288132 -0.9143106 0.3839837 0
0.7922239 0.3277819 0.5147237 0
-0.5964803 0.2378978 0.7665612 0
0.004255875 0.8933675 -0.1365352 1

-0.4787056 0.3170804 0.8187193 0
0.8756983 0.1053146 0.471234 0
0.063196 0.9425332 -0.3280815 0
0.06326896 0.7221802 -0.1618223 1

-0.7006189 0.1532761 0.6968786 0
-0.7133927 -0.170048 -0.6798198 0
0.01430276 -0.9734424 0.2284847 0
-0.05043127 0.7675281 -0.01570148 1

-0.1034779 0.01339012 0.9945415 0
0.006850738 0.9998955 -0.01274931 0
-0.9946083 0.005494003 -0.1035588 0
0.1704663 0.02874758 -0.2089393 1

-0.1460526 -0.01341844 -0.9891858 0
0.0076226 -0.9998937 0.01243821 0
-0.9892476 -0.00572355 0.1461394 0
-0.1818241 0.02872274 -0.1125211 1

0.07314841 -0.9602728 0.2693056 0
0.08758497 0.275171 0.9573974 0
-0.9934679 -0.04644504 0.1042338 0
-0.01776092 1.159433 -0.2278399 1

0.310232 0.7365295 0.6010662 0
0.8916354 -0.4447469 0.08477496 0
0.3297617 0.5096319 -0.7946903 0
0.1130879 0.6826332 -0.2455465 1

-0.4279979 -0.8170877 0.3862456 0
-0.3518507 -0.2430097 -0.9039622 0
0.8324779 -0.5227947 -0.1834851 0
-0.1238496 0.7771323 0.05895168 1

0.8305614 0.1847765 0.5253812 0
-0.1028509 -0.8762414 0.4707679 0
0.5473479 -0.4450376 -0.7087679 0
0.05638589 0.517891 -0.3747239 1

-0.1897645 -0.3831698 -0.903975 0
0.1792466 0.8917109 -0.4155991 0
0.9653293 -0.2409003 -0.1005331 0
-0.2124043 0.6030315 0.1532325 1

0.964442 0.224783 0.1390134 0
-0.230129 0.9728778 0.02344953 0
-0.1299721 -0.05460682 0.9900129 0
-0.1562722 0.4755693 -0.5123758 1

-0.06792461 -0.1960959 -0.9782295 0
-0.9972115 -0.0170396 0.07265855 0
-0.03091673 0.980437 -0.1943916 0
-0.2600815 0.5098599 -0.08130576 1

0.3298811 -0.1688908 0.9287921 0
-0.9247883 -0.2554103 0.2820156 0
0.1895932 -0.9519674 -0.2404432 0
-0.2131819 0.4907794 -0.577329 1

0.680112 -0.7330499 -0.009285224 0
0.6988004 0.644403 0.3105205 0
-0.2216438 -0.2176772 0.9505215 0
-0.2669182 0.436117 -0.5729882 1

0.43525 -0.8991503 0.04568168 0
0.8995255 0.4364285 0.01961611 0
-0.03757482 0.03255376 0.9987636 0
-0.281285 0.432447 -0.4894387 1

0.9112234 0.01467356 -0.4116517 0
0.2605087 0.7535927 0.6035181 0
0.3190734 -0.6571787 0.6828682 0
-0.239678 0.5550549 -0.1536253 1

0.8995036 -0.1279479 -0.4177606 0
-0.4205807 0.005432862 -0.9072394 0
0.1183489 0.9917663 -0.04892543 0
-0.2841493 0.5279199 -0.2100206 1

0.9148191 0.2029345 0.3491766 0
0.3966289 -0.2885134 -0.871462 0
-0.07610761 0.9357234 -0.344427 0
-0.280046 0.4442234 -0.1966619 1

-0.9972705 -0.02114875 0.07074638 0
-0.03432843 0.9810618 -0.1906305 0
-0.06537498 -0.1925389 -0.9791094 0
-0.2400517 0.5261177 -0.1053784 1

0.4327534 -0.1830658 0.8827296 0
-0.8997555 -0.1488099 0.4102392 0
0.05625813 -0.9717732 -0.2291122 0
-0.2389129 0.502804 -0.646822 1

-0.2974516 -0.9364253 -0.1860939 0
0.9102553 -0.336956 0.2406157 0
-0.2880242 -0.09782133 0.952614 0
-0.3314414 0.4919115 -0.5800655 1

-0.4916352 -0.8634101 -0.1132186 0
0.8660862 -0.4983347 0.0394695 0
-0.09049931 -0.07865261 0.992786 0
-0.3302006 0.4986075 -0.4933383 1

-0.07710334 -0.9253243 -0.3712558 0
0.9793059 -0.000399734 -0.2023879 0
0.1871261 -0.3791777 0.9062057 0
-0.1716944 0.5555597 -0.1854677 1

0.8371874 0.01918838 0.5465803 0
0.5468354 -0.01208441 -0.8371535 0
-0.009458553 0.999743 -0.02060967 0
-0.2121707 0.5216755 -0.2559169 1

-0.226498 0.1795668 0.9573166 0
0.9722791 0.100289 0.2112263 0
-0.05807914 0.9786207 -0.197304 0
-0.1999476 0.4561754 -0.1816088 1

0.4801514 -0.2103296 0.8515965 0
-0.8769736 -0.1364612 0.460756 0
0.01929924 -0.9680601 -0.2499755 0
-0.2655514 0.5140217 -0.7015639 1

-0.3094019 -0.9372817 -0.1605435 0
0.9142712 -0.3396291 0.220818 0
-0.261494 -0.07845901 0.9620111 0
-0.3135713 0.5583509 -0.572087 1

-0.4943614 -0.8649562 -0.08636221 0
0.861433 -0.5007879 0.08452971 0
-0.1163638 -0.03260707 0.9926714 0
-0.3043389 0.5654016 -0.4889359 1

-0.1204581 -0.9372342 -0.3272353 0
0.9695326 -0.04024167 -0.2416365 0
0.2133017 -0.3463723 0.9135258 0
-0.1763384 0.4983321 -0.2086106 1

0.834162 0.04709325 0.5495061 0
0.5510883 -0.03173159 -0.8338436 0
-0.0218317 0.9983867 -0.05242172 0
-0.1521325 0.5269936 -0.2217942 1

-0.2285012 0.2059015 0.9515209 0
0.9688023 0.1444397 0.2013953 0
-0.09596983 0.9678544 -0.2324824 0
-0.2057731 0.4731328 -0.1121234 1

-1 0 0 0
0 -1.192093E-07 0.9999999 0
0 0.9999999 1.192093E-07 0
0 0 0 1

0.05627966 -0.9457563 0.3199653 0
0.1641002 0.3248772 0.9314107 0
-0.9848371 8.688289E-05 0.1734827 0
-7.06315E-06 0.3188739 -0.03096366 1

0.1158637 -0.9225658 0.3680331 0
0.3096334 0.3856126 0.8691548 0
-0.9437706 0.01325185 0.3303355 0
-0.007551296 0.4532903 -0.07385878 1

0.08795094 -0.9432636 -0.3201851 0
0.2063795 -0.2972016 0.9322438 0
-0.9745114 -0.1480714 0.168531 0
0.1083194 0.3054976 -0.05251708 1

0.2510526 0.9673599 0.03445845 0
-0.1899972 0.08415236 -0.9781714 0
-0.9491439 0.2390254 0.2049222 0
-0.10918 0.3055172 -0.01420388 1

-0.09365073 -0.9679388 0.2330753 0
0.5341842 0.1487031 0.8321868 0
-0.840165 0.20244 0.5031313 0
-0.01853993 0.5995701 -0.1111216 1

0.2347715 -0.8682559 0.4370516 0
0.1591812 0.4778891 0.8638769 0
-0.9589286 -0.1332433 0.2504047 0
0.1226463 0.161229 -0.1063313 1

0.07526891 0.8398601 -0.5375587 0
-0.03417666 -0.5365984 -0.8431452 0
-0.9965776 0.08183464 -0.01168558 0
-0.1503948 0.1567517 -0.02342783 1

-0.1800985 -0.9494411 0.2571501 0
0.7613054 0.03100125 0.6476521 0
-0.6228796 0.3124109 0.7172312 0
-0.002144709 0.7306156 -0.1364712 1

0.001117177 -0.9999827 0.005800873 0
-0.08578683 0.005683601 0.9962972 0
-0.9963131 -0.001610701 -0.085779 0
0.1560253 0.05019581 -0.03679441 1

0.0008187704 0.9999826 -0.005845397 0
-0.1311064 -0.005687595 -0.991352 0
-0.9913682 0.001578106 0.1310994 0
-0.1598365 0.05026453 0.05933157 1

0.1117713 -0.8718596 0.4768316 0
0.7742924 0.3771745 0.5081447 0
-0.6228795 0.312411 0.7172312 0
0.004361011 0.877795 -0.1949296 1

-0.5067885 0.3963798 0.7655382 0
0.8585168 0.1515106 0.4898916 0
0.07819609 0.9054988 -0.4170824 0
0.06366 0.7049558 -0.2010313 1

-0.7247301 0.2213008 0.6525275 0
-0.6890274 -0.2365195 -0.6850544 0
0.002732377 -0.9460893 0.3238951 0
-0.05507242 0.7645072 -0.06431366 1

-0.1016362 0.01399904 0.994723 0
0.006912738 0.9998868 -0.01336539 0
-0.9947978 0.005517837 -0.1017215 0
0.1701565 0.02853438 -0.2093128 1

-0.1468674 -0.01400357 -0.989057 0
0.007547397 -0.9998867 0.0130361 0
-0.9891276 -0.005550194 0.1469564 0
-0.1818205 0.02860231 -0.1124062 1

0.09317297 -0.9313114 0.3521055 0
0.1299625 0.3619943 0.9230764 0
-0.9871316 -0.04024529 0.1547635 0
-0.02394188 1.134304 -0.3090111 1

0.2628298 0.8187241 0.5105014 0
0.9124469 -0.3829023 0.144315 0
0.3136263 0.4278752 -0.8476802 0
0.1163258 0.6573344 -0.2785821 1

-0.4180105 -0.768231 0.4848593 0
-0.3561481 -0.3524153 -0.8654259 0
0.8357188 -0.5344387 -0.1262908 0
-0.131098 0.781432 0.006320754 1

0.8128642 0.328799 0.4807734 0
0.01326618 -0.8356657 0.5490785 0
0.5823024 -0.4399483 -0.6836444 0
0.0701345 0.4755187 -0.3874454 1

-0.213859 -0.507177 -0.8348866 0
0.1591518 0.8251512 -0.5420299 0
0.9638129 -0.2487916 -0.09574786 0
-0.217439 0.6191991 0.1215053 1

0.9647493 0.2246366 0.1371033 0
-0.229846 0.9729504 0.02321946 0
-0.128179 -0.05391371 0.9902847 0
-0.1386577 0.3959803 -0.5141019 1

-0.1102485 -0.2076806 -0.9719638 0
-0.9935409 -0.003403721 0.1134234 0
-0.02686419 0.9781909 -0.205964 0
-0.2714203 0.4937985 -0.09603173 1

0.2057895 -0.114112 0.9719204 0
-0.9555316 -0.2377898 0.1744013 0
0.2112115 -0.9645907 -0.1579721 0
-0.1956821 0.411161 -0.5789613 1

0.9473191 -0.2994792 0.1135741 0
0.2736977 0.9410872 0.1986082 0
-0.1663623 -0.1570604 0.9734764 0
-0.2494238 0.3565148 -0.574486 1

0.9017444 -0.4289808 0.05322527 0
0.4283169 0.9033131 0.02388705 0
-0.05832648 0.001257151 0.998297 0
-0.2636392 0.3529042 -0.4909079 1

0.8937438 -0.00219187 -0.4485727 0
0.2941455 0.7578516 0.5823569 0
0.3386751 -0.6524237 0.6779697 0
-0.25344 0.5378032 -0.1697154 1

0.8800431 -0.1447186 -0.452306 0
-0.4572201 -0.0007854832 -0.8893531 0
0.1283507 0.9894726 -0.06685957 0
-0.3005077 0.5105197 -0.2238881 1

0.9307386 0.1957007 0.3089128 0
0.3571182 -0.30464 -0.8829843 0
-0.07869351 0.9321458 -0.3534283 0
-0.2968838 0.426955 -0.2095981 1

-0.9937281 -0.007535797 0.1115699 0
-0.03011135 0.9789071 -0.2020758 0
-0.1076936 -0.2041679 -0.972994 0
-0.2521944 0.5094911 -0.1211136 1

0.300729 -0.129955 0.9448143 0
-0.9504947 -0.1221177 0.2857407 0
0.07824513 -0.9839713 -0.1602456 0
-0.2121247 0.4190888 -0.6517813 1

0.7606939 -0.6457582 0.06589299 0
0.6168168 0.7507347 0.2365052 0
-0.2021934 -0.1392641 0.9693936 0
-0.3320194 0.3719392 -0.5908082 1

0.6791722 -0.7334953 -0.02665998 0
0.7332088 0.6763476 0.07042019 0
-0.03362161 -0.06737479 0.9971614 0
-0.3431588 0.3739002 -0.4954832 1

-0.1035088 -0.9289284 -0.355497 0
0.9701351 -0.01545993 -0.2420729 0
0.2193727 -0.369937 0.9027858 0
-0.186814 0.5370354 -0.2043035 1

0.859004 0.01549259 0.5117347 0
0.5119658 -0.029732 -0.8584913 0
0.001914587 0.9994379 -0.03347146 0
-0.2305472 0.5027735 -0.2725902 1

-0.1849627 0.1946387 0.9632781 0
0.9812533 0.09057955 0.1701114 0
-0.05414304 0.9766837 -0.2077436 0
-0.2160972 0.4380766 -0.1979789 1

0.3517923 -0.1591378 0.9224519 0
-0.9350117 -0.1067682 0.3381634 0
0.04467413 -0.9814666 -0.1863556 0
-0.2305791 0.4270128 -0.7103367 1

0.7520172 -0.652716 0.09182879 0
0.6244813 0.7501057 0.2176348 0
-0.2109352 -0.1063198 0.971701 0
-0.3862926 0.4139162 -0.6002714 1

0.6776259 -0.7354071 0.0002664494 0
0.7304568 0.6731067 0.1155868 0
-0.08518302 -0.07813003 0.9932976 0
-0.3990478 0.418864 -0.4975619 1

-0.14517 -0.9397221 -0.3095935 0
0.9582796 -0.05567166 -0.280359 0
0.2462242 -0.3373772 0.9085981 0
-0.1930986 0.4795811 -0.2264767 1

0.8564415 0.04346883 0.5144107 0
0.5161103 -0.04938784 -0.855097 0
-0.0117644 0.9978333 -0.06473247 0
-0.1691037 0.5077612 -0.2410141 1

-0.1868795 0.2209209 0.95722 0
0.9779169 0.134642 0.1598454 0
-0.09356886 0.9659534 -0.241204 0
-0.2188696 0.455992 -0.1285451 1

-1 0 0 0
0 -1.192093E-07 0.9999999 0
0 0.9999999 1.192093E-07 0
0 0 0 1

0.05515695 -0.9470819 0.3162175 0
0.1642124 0.3209916 0.9327372 0
-0.9848818 0.0004799159 0.1732274 0
-1.161732E-05 0.3271816 -0.05100687 1

0.1073817 -0.9296876 0.3523495 0
0.3028075 0.3681437 0.8790777 0
-0.946983 0.01229719 0.3210482 0
-0.007396961 0.4617756 -0.09336923 1

0.1206268 -0.9626865 -0.2422475 0
0.1640444 -0.2213434 0.9612994 0
-0.9790499 -0.1556978 0.1312234 0
0.1083057 0.3137721 -0.07258533 1

0.2253242 0.9717166 -0.07068036 0
-0.1721836 -0.03168782 -0.984555 0
-0.9589483 0.2340141 0.1601736 0
-0.1092036 0.3138784 -0.0343285 1

-0.09113972 -0.9707668 0.2220477 0
0.5159063 0.1446933 0.8443367 0
-0.8517832 0.1915084 0.4876374 0
-0.01725455 0.6087632 -0.1280759 1

0.1988534 -0.8373817 0.5091652 0
0.1279637 0.5372782 0.8336409 0
-0.9716392 -0.1006176 0.213994 0
0.1278745 0.1661851 -0.1144161 1

0.1024033 0.8292394 -0.5494321 0
-0.003041524 -0.5520722 -0.8337907 0
-0.9947384 0.08705412 -0.05401188 0
-0.1463805 0.1639291 -0.02740305 1

-0.1771958 -0.9604911 0.2146119 0
0.7319471 0.01716197 0.6811453 0
-0.6579174 0.2777807 0.6999878 0
-0.001327198 0.7401598 -0.1518577 1

-0.002223179 -0.9984208 0.05613291 0
-0.08629584 0.05611506 0.9946879 0
-0.9962672 -0.00263263 -0.08628432 0
0.1560255 0.06004614 -0.0355496 1

-0.003322911 0.998974 -0.04516643 0
-0.1319122 -0.04520994 -0.9902298 0
-0.9912558 0.002667585 0.1319271 0
-0.1599027 0.05906792 0.05685287 1

0.1037005 -0.8872163 0.4495478 0
0.7459162 0.3683544 0.5549091 0
-0.6579174 0.2777807 0.6999875 0
0.005558042 0.8894547 -0.204632 1

-0.5452716 0.361428 0.7563391 0
0.8341419 0.144627 0.5322502 0
0.08298314 0.9211151 -0.3803431 0
0.06758518 0.7177421 -0.2143495 1

-0.755522 0.1877836 0.6276336 0
-0.6551188 -0.2202128 -0.7227211 0
0.002497908 -0.9572062 0.289396 0
-0.0578261 0.7706924 -0.08091883 1

-0.1021165 0.0643929 0.992686 0
0.01025672 0.9979178 -0.06367723 0
-0.9947196 0.00367925 -0.1025644 0
0.1701763 0.02968042 -0.2067554 1

-0.1476368 -0.05349394 -0.9875938 0
0.01169467 -0.998561 0.05233973 0
-0.9889725 -0.003822283 0.1480499 0
-0.1819393 0.03057862 -0.1138663 1

0.0677752 -0.954025 0.2919638 0
0.194933 0.2996591 0.9339195 0
-0.9784722 -0.00638319 0.2062804 0
-0.01667699 1.153366 -0.3019408 1

0.140072 0.8730084 0.4671575 0
0.9344826 -0.2725175 0.2290773 0
0.3272952 0.4044634 -0.8539833 0
0.1242571 0.6736845 -0.2911792 1

-0.4222671 -0.7357192 0.5295352 0
-0.373315 -0.3911868 -0.8411948 0
0.8260307 -0.5528923 -0.1094697 0
-0.1370846 0.784026 -0.01312607 1

0.8220896 0.3259092 0.4668532 0
0.02882656 -0.8427377 0.537552 0
0.5686281 -0.4284582 -0.7022008 0
0.104911 0.4814103 -0.3896587 1

-0.2267158 -0.5422288 -0.8090662 0
0.1741333 0.7947456 -0.5814267 0
0.9582682 -0.2727039 -0.08576118 0
-0.2241456 0.62929 0.1114491 1

0.9569737 0.2171935 0.1924274 0
-0.2353617 0.9688579 0.07693889 0
-0.1697245 -0.1189187 0.9782904 0
-0.1063408 0.4026553 -0.5126736 1

-0.1522784 -0.1921747 -0.9694742 0
-0.9881765 0.04733879 0.1458323 0
0.01786843 0.9802185 -0.1971112 0
-0.2813405 0.4947117 -0.09968834 1

0.1847591 -0.1853918 0.9651394 0
-0.957803 -0.2539778 0.1345689 0
0.220176 -0.9492762 -0.2244937 0
-0.1606415 0.4219317 -0.5787705 1

0.9706275 -0.1657659 0.1743675 0
0.1243506 0.9661023 0.2262385 0
-0.2059596 -0.1979107 0.9583383 0
-0.2142575 0.3669974 -0.5801671 1

0.9110972 -0.4070094 0.06515723 0
0.3997734 0.9110472 0.1008676 0
-0.1004155 -0.06585192 0.9927641 0
-0.2319807 0.3578914 -0.4976846 1

0.8774675 -0.04445695 -0.477572 0
0.3521291 0.735767 0.5784919 0
0.3256636 -0.6757746 0.6612659 0
-0.2634616 0.5384335 -0.1735649 1

0.8561948 -0.1860318 -0.4819998 0
-0.4850724 0.0317292 -0.8738985 0
0.1778663 0.9820314 -0.06307244 0
-0.3136182 0.5141716 -0.2263863 1

0.9492016 0.1438534 0.2798635 0
0.3119835 -0.31425 -0.8966123 0
-0.04103365 0.938378 -0.3431663 0
-0.313925 0.4303966 -0.2128943 1

-0.9886397 0.04324021 0.1439527 0
0.01479036 0.9810653 -0.1931133 0
-0.1495771 -0.1887902 -0.9705591 0
-0.2621365 0.5096233 -0.1252589 1

0.2814043 -0.198845 0.9387611 0
-0.955606 -0.1471149 0.2552927 0
0.08734223 -0.9689264 -0.2314164 0
-0.1755045 0.4351977 -0.651152 1

0.9090936 -0.3948041 0.1329617 0
0.3532635 0.8997427 0.2562578 0
-0.220803 -0.1859918 0.9574201 0
-0.2969544 0.3709972 -0.6018836 1

0.7152423 -0.6977689 -0.03934072 0
0.6949108 0.7040668 0.146251 0
-0.07435112 -0.1319433 0.9884651 0
-0.3118277 0.3769845 -0.5043965 1

-0.1635147 -0.9187579 -0.3593711 0
0.9596766 -0.06370232 -0.2737948 0
0.2286585 -0.3896494 0.8921263 0
-0.1981176 0.534527 -0.2103191 1

0.8746883 -0.03433197 0.4834692 0
0.4817506 -0.0480476 -0.8749905 0
0.05326968 0.9982551 -0.02548736 0
-0.2457675 0.50326 -0.2774116 1

-0.1433368 0.1946395 0.9703455 0
0.9896289 0.0375956 0.1386439 0
-0.009495158 0.9801543 -0.1980096 0
-0.2323334 0.437174 -0.203835 1

0.3330986 -0.2260615 0.9153916 0
-0.9413264 -0.1356561 0.3090352 0
0.05431766 -0.9646211 -0.2579845 0
-0.1927606 0.4473923 -0.7093382 1

0.9010099 -0.4038258 0.1584494 0
0.3620912 0.9012589 0.2379547 0
-0.2388964 -0.1570265 0.958265 0
-0.360287 0.3952175 -0.61601 1

0.7126021 -0.7014539 -0.01268471 0
0.690326 0.6978444 0.190954 0
-0.1250936 -0.1448311 0.9815171 0
-0.3697318 0.4193271 -0.5063609 1

-0.2041828 -0.9278094 -0.3122174 0
0.9444992 -0.1028662 -0.3119942 0
0.2573547 -0.3585931 0.8973182 0
-0.2081199 0.4776974 -0.2327356 1

0.8736848 -0.006287498 0.4864524 0
0.4849654 -0.06792522 -0.8718917 0
0.03852447 0.9976708 -0.05629605 0
-0.1831607 0.5047273 -0.2478233 1

-0.1440664 0.2210435 0.9645646 0
0.9882796 0.08186983 0.1288467 0
-0.05048804 0.9718217 -0.2302475 0
-0.2319216 0.4545331 -0.134206 1

-1 0 0 0
0 -1.192093E-07 0.9999999 0
0 0.9999999 1.192093E-07 0
0 0 0 1

0.05224073 -0.9508699 0.3051513 0
0.1645283 0.3095881 0.9365284 0
-0.9849881 0.001281062 0.1726181 0
-3.467035E-05 0.3468943 -0.07396866 1

0.09036592 -0.9466418 0.3093596 0
0.2964284 0.322118 0.899094 0
-0.9507704 0.01045548 0.30972 0
-0.007007244 0.4819952 -0.1147583 1

0.1998874 -0.969772 -0.1399547 0
0.0566943 -0.1311508 0.9897398 0
-0.9781774 -0.2057712 0.02876518 0
0.1082577 0.3334272 -0.09563617 1

0.1791383 0.9680452 -0.1754926 0
-0.09443346 -0.1606354 -0.9824858 0
-0.9792814 0.1925731 0.06263994 0
-0.109275 0.3337104 -0.05751392 1

-0.08359456 -0.9765677 0.1983118 0
0.4975158 0.13153 0.8574252 0
-0.8634177 0.1703393 0.4748625 0
-0.01444501 0.630576 -0.1426063 1

0.1113855 -0.8010451 0.5881495 0
0.05115952 0.5956697 0.8015985 0
-0.9924596 -0.05919705 0.10733 0
0.140542 0.1844376 -0.1216074 1

0.1488708 0.8191094 -0.5539828 0
0.08538292 -0.568781 -0.818045 0
-0.9851637 0.07448234 -0.1546127 0
-0.1390097 0.1837004 -0.03454103 1

-0.1669006 -0.9787874 0.1188241 0
0.6983419 -0.03227467 0.7150363 0
-0.6960337 0.2023198 0.6889149 0
0.0003376408 0.7626573 -0.1631071 1

-0.01050762 -0.9843797 0.1757445 0
-0.08603062 0.1759925 0.9806249 0
-0.9962372 -0.004815441 -0.08653599 0
0.1559584 0.08391762 -0.03252345 1

-0.01409618 0.9901234 -0.1394874 0
-0.1288106 -0.140137 -0.9817173 0
-0.9915692 0.004129009 0.1295137 0
-0.1601129 0.08044685 0.05014139 1

0.1009483 -0.9223745 0.3728735 0
0.7108775 0.3290773 0.6215798 0
-0.6960337 0.2023198 0.6889149 0
0.006569955 0.9162067 -0.2019047 1

-0.5879694 0.2823986 0.7579864 0
0.8047679 0.1098207 0.5833421 0
0.08149254 0.9529904 -0.2918365 0
0.07258906 0.7471364 -0.2238979 1

-0.7881857 0.1176155 0.6040944 0
-0.615373 -0.1648732 -0.7708003 0
0.008940939 -0.979277 0.202328 0
-0.06008791 0.7857024 -0.09257794 1

-0.1017818 0.1840992 0.9776235 0
0.0185382 0.9829076 -0.1831642 0
-0.9946341 -0.0005194197 -0.1034549 0
0.1698935 0.0330718 -0.1988397 1

-0.1444507 -0.1483084 -0.9783345 0
0.02244402 -0.9889407 0.1466023 0
-0.9892575 -0.0007809532 0.1461818 0
-0.1813888 0.03569413 -0.1171479 1

0.01338843 -0.9872558 0.1585767 0
0.2765648 0.1560603 0.948239 0
-0.9609022 0.03116123 0.2751295 0
-0.001685805 1.191796 -0.2618628 1

0.029871 0.9053801 0.4235498 0
0.9406834 -0.1687374 0.2943512 0
0.3379687 0.3896337 -0.8567163 0
0.1337511 0.7111592 -0.3014894 1

-0.4431643 -0.7211272 0.5325232 0
-0.3891338 -0.3804043 -0.8389682 0
0.807577 -0.5790235 -0.1120332 0
-0.1427314 0.7915255 -0.02783453 1

0.8190445 0.3592187 0.4473571 0
0.1120571 -0.8648763 0.4893183 0
0.5626808 -0.3506438 -0.748625 0
0.1383443 0.5130948 -0.3897568 1

-0.2670082 -0.5654354 -0.7803777 0
0.2109823 0.755834 -0.6198398 0
0.9403157 -0.3301481 -0.08251704 0
-0.234132 0.6398231 0.09736161 1

0.905924 0.1921569 0.3773295 0
-0.2992951 0.9209418 0.249578 0
-0.2995406 -0.3390315 0.8918147 0
-0.07261158 0.4259169 -0.507484 1

-0.193944 -0.1512112 -0.9692888 0
-0.9739628 0.147919 0.1718033 0
0.1173978 0.9773717 -0.175962 0
-0.3014571 0.4990587 -0.1066343 1

0.1325128 -0.4134223 0.9008455 0
-0.9446989 -0.3277401 -0.01144479 0
0.2999748 -0.849511 -0.4339894 0
-0.1180145 0.4581533 -0.5752214 1

0.9439549 -0.179431 0.2770452 0
0.03807103 0.8929245 0.4485941 0
-0.3278725 -0.4129052 0.8497115 0
-0.1676377 0.4036196 -0.5966229 1

0.9176779 -0.3805095 0.1143681 0
0.3198809 0.8782784 0.3553925 0
-0.2356775 -0.2895516 0.927694 0
-0.1963188 0.3758473 -0.5217463 1

0.8566362 -0.1252322 -0.5004913 0
0.4414292 0.680048 0.5853848 0
0.2670493 -0.7223932 0.6378348 0
-0.280727 0.5424418 -0.1799634 1

0.8203471 -0.2636149 -0.5074822 0
-0.4987958 0.1042009 -0.8604333 0
0.2797032 0.9589837 -0.04600899 0
-0.3343711 0.5249169 -0.2320175 1

0.9652575 0.03584087 0.2588317 0
0.2562637 -0.3234131 -0.910897 0
0.05106229 0.9455791 -0.3213615 0
-0.3432681 0.4413384 -0.220362 1

-0.974902 0.1439397 0.1698469 0
0.1145192 0.9784409 -0.1718698 0
-0.190924 -0.1481056 -0.9703675 0
-0.2813669 0.5124789 -0.1323497 1

0.2396916 -0.4142539 0.878033 0
-0.955999 -0.2582906 0.1391149 0
0.1691587 -0.872743 -0.4579361 0
-0.1289105 0.4884912 -0.6430215 1

0.9005108 -0.397427 0.1764445 0
0.2666002 0.8251755 0.4980064 0
-0.3435188 -0.4014198 0.849033 0
-0.2465398 0.410589 -0.6290613 1

0.7636533 -0.6412462 -0.07508325 0
0.6121175 0.682126 0.4000204 0
-0.2052956 -0.3514365 0.9134257 0
-0.2754971 0.3932716 -0.5363183 1

-0.2683664 -0.887257 -0.3751734 0
0.9409698 -0.1580413 -0.2993316 0
0.2062913 -0.4333573 0.8772944 0
-0.2170249 0.5325527 -0.2184368 1

0.8769072 -0.1384035 0.4603031 0
0.453801 -0.07725202 -0.8877482 0
0.1584268 0.9873585 -0.004935146 0
-0.2692473 0.5081486 -0.2849709 1

-0.09963872 0.1848806 0.977697 0
0.9909302 -0.07060461 0.1143386 0
0.09016883 0.9802216 -0.1761685 0
-0.2612327 0.4392315 -0.2132246 1

0.2944582 -0.4318426 0.8525293 0
-0.9457192 -0.2600391 0.1949248 0
0.1375141 -0.8636505 -0.4849725 0
-0.1435728 0.5140517 -0.6974622 1

0.8893961 -0.4121194 0.1978209 0
0.2778272 0.8309497 0.4820114 0
-0.3630255 -0.3737388 0.8535412 0
-0.3084195 0.4361752 -0.6467658 1

0.7575001 -0.6508734 -0.05057734 0
0.6016461 0.665933 0.4410843 0
-0.2534092 -0.3645509 0.8960395 0
-0.3355238 0.4325502 -0.5382261 1

-0.3086779 -0.8931118 -0.3272153 0
0.9208487 -0.1944346 -0.3379841 0
0.2382358 -0.4056441 0.8824381 0
-0.2335177 0.4776644 -0.2418335 1

0.8789574 -0.1104915 0.4639249 0
0.4549558 -0.0974279 -0.8851684 0
0.1430029 0.9890903 -0.03536611 0
-0.2061794 0.5022666 -0.2569519 1

-0.09769096 0.2113475 0.972517 0
0.9940686 -0.02620901 0.1055515 0
0.04779684 0.9770597 -0.2075334 0
-0.2573882 0.4547397 -0.1432645 1

-1 0 0 0
0 -1.192093E-07 0.9999999 0
0 0.9999999 1.192093E-07 0
0 0 0 1

0.04856384 -0.9557159 0.2902566 0
0.1655064 0.294282 0.9412788 0
-0.9850124 0.002327243 0.1724685 0
-4.227459E-05 0.3700529 -0.09677192 1

0.06961411 -0.9653907 0.2513461 0
0.2895668 0.2606643 0.9209806 0
-0.9546231 0.008668271 0.2976909 0
-0.006492973 0.5058004 -0.1354455 1

0.2852219 -0.9583796 -0.01253703 0
-0.07436596 -0.03516912 0.9966106 0
-0.9555723 -0.2833229 -0.08130179 0
0.1082028 0.3565145 -0.118631 1

0.1360308 0.9554448 -0.261957 0
0.01247914 -0.2660464 -0.9638796 0
-0.9906261 0.1278483 -0.04811369 0
-0.1093354 0.3570288 -0.08054176 1

-0.07350633 -0.9827526 0.1696885 0
0.4773321 0.1147247 0.8712017 0
-0.8756433 0.1450366 0.4606663 0
-0.01096068 0.6559254 -0.1541438 1

0.01892741 -0.7714832 0.6359681 0
-0.04460198 0.6347974 0.7713902 0
-0.9988257 -0.04296584 -0.0223946 0
0.1542079 0.2089993 -0.1247528 1

0.1922188 0.7973837 -0.5720416 0
0.1951757 -0.6023296 -0.7740192 0
-0.9617477 0.03713242 -0.271409 0
-0.1319623 0.2084016 -0.04430794 1

-0.1510717 -0.9885226 -0.0007410631 0
0.6639955 -0.1020309 0.7407427 0
-0.7323166 0.1114132 0.6717884 0
0.002322944 0.7887173 -0.1707023 1

-0.01989148 -0.9479281 0.3178631 0
-0.08318446 0.3183927 0.9443021 0
-0.9963358 -0.007657696 -0.08518615 0
0.1559799 0.112943 -0.02963223 1

-0.02727038 0.9619096 -0.2720054 0
-0.1257399 -0.2732461 -0.953691 0
-0.9916885 0.008194463 0.1284018 0
-0.1602716 0.1084886 0.04225863 1

0.1030726 -0.9570231 0.2710775 0
0.6731187 0.2677574 0.6893601 0
-0.7323166 0.1114132 0.6717884 0
0.007060412 0.945762 -0.1915832 1

-0.6294332 0.1848609 0.7547452 0
0.7734665 0.05581607 0.631375 0
0.0745896 0.9811786 -0.1781161 0
0.07771046 0.781378 -0.2291792 1

-0.818458 0.03541896 0.5734739 0
-0.5741989 -0.08613226 -0.8141727 0
0.02055764 -0.995654 0.09083302 0
-0.06188269 0.8026155 -0.1011238 1

-0.09885933 0.3261271 0.9401425 0
0.02789883 0.9453077 -0.3249852 0
-0.9947104 -0.005898932 -0.102551 0
0.1692298 0.03816991 -0.1867445 1

-0.1412726 -0.2810963 -0.9492247 0
0.03559306 -0.9596636 0.2788901 0
-0.9893308 0.005613743 0.1455791 0
-0.1807456 0.04124982 -0.1174566 1

-0.05578326 -0.9984403 -0.002317249 0
0.3594988 -0.02225049 0.9328803 0
-0.9314769 0.05120605 0.3601791 0
0.01697159 1.227377 -0.2059755 1

-0.05500068 0.9152728 0.3990625 0
0.9363744 -0.09148103 0.3388724 0
0.3466673 0.3923101 -0.8520063 0
0.1432692 0.7554477 -0.3071872 1

-0.4711867 -0.7138466 0.5180794 0
-0.4102133 -0.3426283 -0.8451812 0
0.7808385 -0.6107612 -0.1313875 0
-0.1476257 0.7997035 -0.04033565 1

0.7992838 0.4210086 0.4288323 0
0.2289902 -0.8731179 0.4303824 0
0.555616 -0.2457993 -0.7942758 0
0.1661926 0.5561496 -0.3896276 1

-0.325611 -0.5658044 -0.7575245 0
0.2578956 0.717659 -0.6468813 0
0.9096527 -0.4059939 -0.08775894 0
-0.2448473 0.6491337 0.08180549 1

0.7981938 0.1639062 0.5796735 0
-0.4513009 0.8000919 0.3951973 0
-0.3990169 -0.5770513 0.7125994 0
-0.04037251 0.4531548 -0.5022539 1

-0.2354909 -0.08418183 -0.968224 0
-0.9390155 0.2765796 0.2043396 0
0.2505892 0.9572971 -0.1441797 0
-0.3269449 0.5080519 -0.11648 1

0.1339099 -0.6215487 0.771846 0
-0.8728119 -0.4428346 -0.2051769 0
0.4693276 -0.646201 -0.6017946 0
-0.07752311 0.4976561 -0.5680447 1

0.9007171 -0.1721014 0.3988612 0
-0.143982 0.7480013 0.6478918 0
-0.4098519 -0.6409959 0.6489579 0
-0.1155352 0.446441 -0.6107822 1

0.9276409 -0.3139551 0.2022741 0
0.133951 0.7852561 0.6045085 0
-0.3486255 -0.5336722 0.7704901 0
-0.1525775 0.3983705 -0.5514737 1

0.8186086 -0.2247034 -0.5285728 0
0.5465472 0.5876346 0.5966343 0
0.1765421 -0.7772996 0.6038533 0
-0.3019596 0.5509381 -0.1887677 1

0.7629362 -0.3562224 -0.5394765 0
-0.4985295 0.2070921 -0.841773 0
0.4115794 0.9111637 -0.01958924 0
-0.3587198 0.5431945 -0.2398829 1

0.9662607 -0.1105045 0.2326581 0
0.1870049 -0.3201632 -0.9287224 0
0.1771164 0.940896 -0.288696 0
-0.3790956 0.4613054 -0.2309738 1

-0.940553 0.272852 0.2022695 0
0.2479852 0.9585987 -0.1399725 0
-0.232087 -0.08149184 -0.9692757 0
-0.3057492 0.5195135 -0.1422553 1

0.2510783 -0.5979615 0.7611848 0
-0.9040769 -0.4258257 -0.03630274 0
0.3458398 -0.6790548 -0.6475184 0
-0.08837796 0.5435652 -0.6264442 1

0.8997264 -0.3664239 0.2371214 0
0.08761614 0.6838654 0.7243287 0
-0.4275703 -0.6309217 0.6473962 0
-0.1883365 0.4554744 -0.6548815 1

0.8465565 -0.528298 -0.06514529 0
0.4337805 0.6137576 0.6596486 0
-0.3085077 -0.5866888 0.7487457 0
-0.2297467 0.4117972 -0.5769648 1

-0.3998204 -0.8252341 -0.3989151 0
0.9020172 -0.2769359 -0.3311681 0
0.1628175 -0.492236 0.8550994 0
-0.2411956 0.5337074 -0.2293485 1

0.8587473 -0.2783768 0.4301861 0
0.4178911 -0.1053397 -0.9023699 0
0.2965142 0.9546782 0.02587127 0
-0.2978538 0.5195281 -0.2952147 1

-0.05009466 0.1584569 0.9860947 0
0.9732919 -0.2137361 0.08378948 0
0.2240408 0.9639549 -0.1435175 0
-0.2980442 0.4474006 -0.2262296 1

0.3095679 -0.5995524 0.7380416 0
-0.8972254 -0.4412099 0.01791747 0
0.3148888 -0.6677362 -0.6745176 0
-0.1037283 0.5805519 -0.673651 1

0.8870646 -0.3868963 0.2518498 0
0.1005369 0.6943578 0.7125731 0
-0.4505656 -0.6067781 0.6548375 0
-0.24907 0.4804431 -0.6769086 1

0.8376777 -0.5442893 -0.04523228 0
0.4187544 0.5868878 0.6929703 0
-0.3506301 -0.5994269 0.7195463 0
-0.2934064 0.4445605 -0.5818278 1

-0.4394489 -0.8272418 -0.3500803 0
0.8760673 -0.3085883 -0.3705137 0
0.1984739 -0.4695157 0.8603277 0
-0.265826 0.4826481 -0.2542168 1

0.8648124 -0.2511952 0.4347433 0
0.4162354 -0.125563 -0.9005457 0
0.2808002 0.9597581 -0.00403202 0
-0.2356314 0.5037355 -0.2692109 1

-0.04453672 0.1845697 0.9818101 0
0.9824851 -0.1699126 0.07650892 0
0.1809429 0.9680208 -0.1737693 0
-0.2904453 0.45945 -0.1558962 1

-1 0 0 0
0 -1.192093E-07 0.9999999 0
0 0.9999999 1.192093E-07 0
0 0 0 1

0.04530931 -0.9593472 0.2785676 0
0.166519 0.2822056 0.9447917 0
-0.9849967 0.003579 0.172536 0
-3.200956E-06 0.3883306 -0.1150636 1

0.05017214 -0.979472 0.195236 0
0.2810411 0.201429 0.9383188 0
