MeshAnim
1
20
42
30
-1 0 0 0
0 -1.192093E-07 0.9999999 0
0 0.9999999 1.192093E-07 0
0 0 0 1

0.04289186 -0.9690147 0.2432497 0
0.1682679 0.2470023 0.9542933 0
-0.9848076 -2.591191E-07 0.1736486 0
-1.541339E-07 0.3398852 0.0182096 1

0.04562981 -0.9910607 0.1253648 0
0.3389631 0.1334108 0.9312924 0
-0.9396924 -6.107414E-07 0.3420205 0
-0.005642703 0.4773945 -0.01379086 1

0.1621394 -0.9422842 -0.2929352 0
0.1359791 -0.2726952 0.9524425 0
-0.9773538 -0.1942616 0.08391637 0
0.1081367 0.3267604 -0.004423327 1

0.1709979 0.9805151 0.09669507 0
-0.04989563 0.1066323 -0.9930459 0
-0.9840071 0.1649841 0.06715734 0
-0.1093562 0.3267607 0.03392653 1

-0.05942598 -0.9946182 -0.08487047 0
0.57049 -0.1036071 0.8147433 0
-0.8191517 -7.91082E-07 0.5735767 0
-0.005495765 0.6287447 -0.01338691 1

0.1470303 -0.9883598 0.03907357 0
0.1562016 0.06220784 0.9857643 0
-0.9767206 -0.1388338 0.1635299 0
0.1342411 0.182614 -0.05397176 1

0.1539437 0.9571867 -0.2451428 0
0.114033 -0.2636535 -0.9578536 0
-0.9814773 0.1195011 -0.1497387 0
-0.1376475 0.1759356 0.01478788 1

-0.1498294 -0.9831298 -0.1049129 0
0.805333 -0.1829086 0.5638998 0
-0.5735763 -9.76819E-07 0.8191522 0
0.006563057 0.761569 0.00383505 1

0.001090046 -0.9999862 0.005116552 0
-0.08485463 0.005005643 0.9963807 0
-0.9963927 -0.001520262 -0.08484798 0
0.1560236 0.0503276 -0.03654359 1

0.0008503869 0.9999865 -0.005161345 0
-0.1311709 -0.005005226 -0.9913471 0
-0.9913594 0.001520042 0.1311648 0
-0.1598231 0.05033116 0.05961593 1

0.1560824 -0.9816791 0.1092888 0
0.8041444 0.1905407 0.563068 0
-0.5735763 -9.470167E-07 0.8191522 0
0.007100571 0.9200652 0.004211636 1

-0.4553357 0.06435538 0.8879908 0
0.8895397 -0.008857706 0.456772 0
0.0372613 0.9978876 -0.0532134 0
0.06787463 0.7642206 -0.06958532 1

-0.6787038 -0.0643576 0.7315867 0
-0.733466 0.008857941 -0.6796682 0
0.03726147 -0.9978876 -0.0532161 0
-0.04145968 0.7642205 0.08656036 1

-0.1007052 0.01332258 0.994827 0
0.006932713 0.9998953 -0.01268858 0
-0.9948919 0.005619061 -0.100787 0
0.1699942 0.02878361 -0.2091114 1

-0.146932 -0.01332277 -0.9890568 0
0.00751628 -0.9998956 0.01235205 0
-0.9891178 -0.005619166 0.1470168 0
-0.1818163 0.02878715 -0.1121136 1

-1.862645E-08 -0.9999998 -1.549721E-06 0
0.06719013 -1.489847E-06 0.9977403 0
-0.9977401 -6.016374E-08 0.06719005 0
0.00601828 1.201761 -0.0118814 1

0.2222957 0.7159134 0.6618552 0
0.9172537 -0.3836785 0.1069403 0
0.3304997 0.5833169 -0.7419644 0
0.1154141 0.7508237 -0.1624086 1

-0.4552691 -0.8691362 0.1932149 0
-0.3594778 -0.01910203 -0.9329581 0
0.8145584 -0.4942035 -0.3037388 0
-0.1124254 0.7508233 0.16298 1

0.745396 0.2373218 0.622947 0
-0.08202378 -0.8947307 0.4390091 0
0.6615564 -0.3783321 -0.6474627 0
0.07805786 0.5912647 -0.3044907 1

-0.110092 -0.05115375 -0.9926041 0
0.2229756 0.9719485 -0.07481991 0
0.9685872 -0.2295635 -0.09559787 0
-0.2067966 0.562817 0.2157967 1

0.9572198 0.2232355 0.1841087 0
-0.2352077 0.9708705 0.04569376 0
-0.1685454 -0.08704288 0.9818435 0
-0.1128545 0.5355592 -0.4670084 1

-0.02853347 -0.1645351 -0.9859583 0
-0.9992111 -0.02256783 0.03268316 0
-0.02762834 0.986113 -0.1637613 0
-0.2337611 0.5553644 -0.03950634 1

0.03410879 -0.08398839 0.9958831 0
-0.9723407 -0.2331679 0.01363848 0
0.2310624 -0.968803 -0.08961857 0
-0.167234 0.5526827 -0.5336313 1

0.7739108 -0.6323361 0.03482988 0
0.5871077 0.7370013 0.3348636 0
-0.2374161 -0.2387058 0.9416228 0
-0.2208552 0.4977376 -0.5331768 1

0.5837832 -0.8105556 0.04687548 0
0.8072519 0.5856412 0.07327193 0
-0.08684348 -0.004934697 0.99621 0
-0.2384789 0.491319 -0.4504203 1

0.9266293 0.03090464 -0.3747042 0
0.2332096 0.7344843 0.6372962 0
0.2949097 -0.6779218 0.6733873 0
-0.2107319 0.6029422 -0.1094707 1

0.9157956 -0.1114809 -0.3858635 0
-0.3846043 0.03346205 -0.9224748 0
0.1157503 0.993203 -0.01223153 0
-0.2528298 0.5775055 -0.1684213 1

0.899467 0.1944427 0.3913455 0
0.4318711 -0.2588771 -0.8639852 0
-0.06668496 0.9461368 -0.3168254 0
-0.2488811 0.4934339 -0.1576155 1

-0.9991762 -0.02661308 0.03063879 0
-0.03118795 0.9866049 -0.1601195 0
-0.02596685 -0.1609434 -0.9866219 0
-0.2128731 0.5724569 -0.06223383 1

0.1196721 -0.0994326 0.9878221 0
-0.9876878 -0.1128977 0.1082921 0
0.1007551 -0.9886191 -0.1117192 0
-0.170801 0.5583529 -0.6084051 1

0.02493224 -0.9876481 -0.1546933 0
0.9505134 -0.02451531 0.3097146 0
-0.3096816 -0.15476 0.9381616 0
-0.2919871 0.5440466 -0.5442266 1

-0.1781624 -0.9752293 -0.1310967 0
0.9777331 -0.1904632 0.08810157 0
-0.1108884 -0.1124812 0.9874473 0
-0.2980211 0.5480349 -0.4552326 1

-0.05831299 -0.9130596 -0.4036361 0
0.9864978 0.00928101 -0.1635124 0
0.1530426 -0.4077209 0.9001897 0
-0.1415519 0.6046948 -0.1385741 1

0.8149551 0.004154315 0.5795093 0
0.5793759 0.01677433 -0.8148877 0
-0.01310596 0.9998508 0.01126355 0
-0.1790752 0.5729803 -0.2116203 1

-0.2647623 0.1477515 0.9529274 0
0.9627642 0.09650165 0.2525325 0
-0.05464678 0.9843054 -0.1677998 0
-0.1694908 0.505148 -0.1390375 1

0.1738211 -0.1293181 0.9762499 0
-0.9820962 -0.09586655 0.1621636 0
0.07261907 -0.9869583 -0.1436665 0
-0.1780383 0.5643854 -0.6695879 1

0.01207127 -0.9914582 -0.1298651 0
0.9565583 -0.02638428 0.2903448 0
-0.2912912 -0.1277284 0.9480692 0
-0.296448 0.6129391 -0.5386469 1

-0.1816135 -0.9778121 -0.1044038 0
0.9718223 -0.1946894 0.132882 0
-0.1502602 -0.07732872 0.9856179 0
-0.29551 0.6195657 -0.4500669 1

-0.1033114 -0.9265268 -0.3617666 0
0.9784534 -0.02930024 -0.2043795 0
0.1787634 -0.3750865 0.90959 0
-0.1450268 0.548232 -0.1637145 1

0.8116925 0.03193992 0.5832111 0
0.5835833 -0.002956085 -0.812048 0
-0.02421261 0.9994855 -0.02103889 0
-0.1204494 0.5773826 -0.1750025 1

-0.266654 0.1742537 0.9479091 0
0.9594796 0.1409363 0.2440004 0
-0.09107658 0.9745628 -0.204774 0
-0.1781195 0.5198279 -0.06932557 1

-1 0 0 0
0 -1.192093E-07 0.9999999 0
0 0.9999999 1.192093E-07 0
0 0 0 1

0.04297483 -0.9687672 0.2442194 0
0.1682934 0.2479716 0.9540373 0
-0.9847997 0.0001008899 0.1736937 0
0.0002194108 0.3391389 0.01820706 1

0.04590795 -0.9908521 0.1269033 0
0.338969 0.1349516 0.9310682 0
-0.9396768 0.0002728144 0.3420635 0
-0.005434797 0.4766156 -0.01393102 1

0.1623595 -0.9400945 -0.2997694 0
0.1330621 -0.2801659 0.9506848 0
-0.9777188 -0.1942407 0.07960337 0
0.1083562 0.3259994 -0.00441765 1

0.1732553 0.9793351 0.1043347 0
-0.05260947 0.1149884 -0.991973 0
-0.9834708 0.1663755 0.07144459 0
-0.109135 0.326022 0.03394217 1

-0.05847997 -0.9948643 -0.08261446 0
0.5705906 -0.1012165 0.8149734 0
-0.8191498 0.0005205334 0.5735793 0
-0.00532944 0.6279663 -0.01376237 1

0.1472992 -0.9877869 0.05079268 0
0.1511803 0.073234 0.9857897 0
-0.97747 -0.1375272 0.1601213 0
0.1345079 0.1822238 -0.05500766 1

0.1552459 0.9548046 -0.2534708 0
0.1088401 -0.2715513 -0.95625 0
-0.9818617 0.120866 -0.1460783 0
-0.137786 0.1754177 0.0136344 1

-0.149563 -0.9833501 -0.1032151 0
0.8053846 -0.1817164 0.5642115 0
-0.5735734 0.001257322 0.8191532 0
0.00660307 0.7608407 0.003158284 1

0.002249148 -0.9999549 0.009221955 0
-0.08562444 0.008995472 0.9962869 0
-0.996325 -0.003030483 -0.08560032 0
0.1562292 0.05014515 -0.03599961 1

0.002216019 0.9999738 -0.006921231 0
-0.1315556 -0.006569475 -0.9912873 0
-0.9913062 0.003107133 0.1315376 0
-0.1600443 0.05022692 0.05956507 1

0.1563494 -0.9814467 0.1109828 0
0.8040947 0.1917309 0.5627351 0
-0.5735734 0.001257322 0.8191532 0
0.007097584 0.9193376 0.00326124 1

-0.4553502 0.06576448 0.8878801 0
0.8895437 -0.007827871 0.4567831 0
0.03699039 0.9978045 -0.05493596 0
0.06791366 0.7633823 -0.07026678 1

-0.6786841 -0.0632785 0.7316991 0
-0.7334707 0.007485798 -0.67968 0
0.03753185 -0.9979678 -0.05149348 0
-0.04142009 0.763622 0.08587907 1

-0.1014834 0.01728748 0.994687 0
0.005779538 0.9998423 -0.01678736 0
-0.9948205 0.004045133 -0.1015673 0
0.1703572 0.02790945 -0.2084669 1

-0.1473272 -0.01486081 -0.9889763 0
0.006153453 -0.9998817 0.01410797 0
-0.9890686 -0.004007235 0.1474013 0
-0.1821324 0.02841095 -0.112118 1

0.0002330057 -0.9999993 0.001154691 0
0.06719372 0.001167685 0.9977393 0
-0.99774 -0.000154926 0.06719385 0
0.005949582 1.201014 -0.01315744 1

0.2186818 0.7183481 0.6604197 0
0.9184356 -0.3801483 0.1093754 0
0.3296272 0.5826347 -0.7428881 0
0.1154562 0.7498382 -0.1630664 1

-0.4562524 -0.8678278 0.1967447 0
-0.3599558 -0.02220968 -0.9327051 0
0.8137972 -0.4963683 -0.3022465 0
-0.1123816 0.7503371 0.1623217 1

0.7481118 0.2351982 0.6204922 0
-0.08251627 -0.8948467 0.4386804 0
0.6584222 -0.3793826 -0.6500379 0
0.07889648 0.5897942 -0.3048084 1

-0.1095132 -0.05360306 -0.9925391 0
0.2235539 0.9716342 -0.07714015 0
0.96852 -0.2303338 -0.09442344 0
-0.2069594 0.5626515 0.2159 1

0.9574101 0.2219579 0.1846637 0
-0.2339485 0.9711786 0.04561759 0
-0.1692164 -0.08687665 0.9817427 0
-0.112708 0.5346364 -0.4666952 1

-0.02724606 -0.1655845 -0.9858193 0
-0.9992495 -0.02266427 0.03142401 0
-0.02754616 0.9859352 -0.1648427 0
-0.2337723 0.5545689 -0.03939437 1

0.03343373 -0.08409115 0.9958972 0
-0.9726564 -0.2318816 0.01307419 0
0.2298308 -0.969103 -0.08954453 0
-0.1670271 0.5518359 -0.5333478 1

0.7730536 -0.6333618 0.03523097 0
0.5878929 0.7362044 0.3352392 0
-0.2382651 -0.2384459 0.9414744 0
-0.2207213 0.4969616 -0.5329269 1

0.5826833 -0.8113303 0.04715841 0
0.8079848 0.5845681 0.0737634 0
-0.08741397 -0.004877373 0.9961604 0
-0.2384003 0.4905616 -0.4501809 1

0.9271058 0.03062876 -0.3735465 0
0.2322957 0.7351904 0.6368157 0
0.2941328 -0.6771687 0.6744843 0
-0.2106595 0.6020755 -0.1093796 1

0.916305 -0.1117699 -0.3845688 0
-0.3834239 0.03243319 -0.9230033 0
0.1156368 0.9932046 -0.01313649 0
-0.2526784 0.5765709 -0.1683572 1

0.8989388 0.1949756 0.392294 0
0.4330139 -0.2597367 -0.8631548 0
-0.06640109 0.9457915 -0.3179144 0
-0.2487326 0.4925113 -0.1574571 1

-0.9992115 -0.02671173 0.02938378 0
-0.0311106 0.9864303 -0.161206 0
-0.02467916 -0.161993 -0.9864835 0
-0.2128575 0.5716402 -0.06211311 1

0.118981 -0.09964821 0.9878836 0
-0.9878975 -0.1115968 0.1077263 0
0.09950992 -0.9887453 -0.1117201 0
-0.1705442 0.557515 -0.6081232 1

0.02371265 -0.9876714 -0.1547371 0
0.9503047 -0.02579115 0.3102514 0
-0.3104173 -0.1544043 0.9379771 0
-0.2917854 0.5433654 -0.5440142 1

-0.1793787 -0.9749853 -0.1312547 0
0.9774302 -0.1917621 0.08864386 0
-0.1115962 -0.1123916 0.9873777 0
-0.2978646 0.5473566 -0.4550234 1

-0.05767599 -0.9134948 -0.4027418 0
0.986706 0.009237003 -0.1622552 0
0.1519396 -0.4067459 0.9008176 0
-0.1414424 0.6038064 -0.138396 1

0.8142101 0.004875843 0.5805508 0
0.58042 0.01598603 -0.8141606 0
-0.01325038 0.9998604 0.01018608 0
-0.1788678 0.5720095 -0.2114566 1

-0.2660052 0.1487274 0.9524294 0
0.962427 0.0968958 0.2536662 0
-0.05455923 0.9841197 -0.168914 0
-0.1693678 0.5042555 -0.1387897 1

0.173097 -0.1296046 0.9763405 0
-0.9823139 -0.09457617 0.161602 0
0.07139423 -0.9870455 -0.1436833 0
-0.1777389 0.5635605 -0.6693098 1

0.01083253 -0.991466 -0.1299165 0
0.9563581 -0.02766707 0.2908847 0
-0.2919969 -0.1273977 0.9478967 0
-0.2961584 0.6122634 -0.538433 1

-0.1828484 -0.9775649 -0.104564 0
0.9714884 -0.1959832 0.1334208 0
-0.1509204 -0.07718695 0.9855281 0
-0.2952618 0.6188837 -0.4498521 1

-0.1027264 -0.9269237 -0.360916 0
0.9787189 -0.02938854 -0.2030917 0
0.177644 -0.3740981 0.9102165 0
-0.1448777 0.5473166 -0.1634809 1

0.8109389 0.03266492 0.5842189 0
0.5846259 -0.003740706 -0.8112944 0
-0.02431542 0.9994595 -0.02213025 0
-0.1202896 0.5764583 -0.1747682 1

-0.2678936 0.1752239 0.9473807 0
0.9591475 0.1413208 0.2450828 0
-0.09094025 0.9743331 -0.2059245 0
-0.1780878 0.5190082 -0.06910443 1

-1 0 0 0
0 -1.192093E-07 0.9999999 0
0 0.9999999 1.192093E-07 0
0 0 0 1

0.04341793 -0.9680977 0.2467819 0
0.1682529 0.2505721 0.9533648 0
-0.9847871 0.0001286061 0.1737647 0
0.0007044598 0.3378662 0.01821532 1

0.04689768 -0.9902694 0.1310222 0
0.338901 0.1391604 0.9304731 0
-0.9396523 0.0007664898 0.3421296 0
-0.005012447 0.4752548 -0.01428644 1

0.1621916 -0.934633 -0.3164724 0
0.1256547 -0.2985453 0.9460874 0
-0.978726 -0.1932137 0.06901951 0
0.1088454 0.3247143 -0.004382396 1

0.1772943 0.9771213 0.1174763 0
-0.06081866 0.1300172 -0.9896446 0
-0.9822768 0.1683136 0.08247854 0
-0.108643 0.3247431 0.0339931 1

-0.05602229 -0.9955014 -0.07640872 0
0.5708492 -0.09472328 0.8155724 0
-0.8191412 0.002072333 0.5735879 0
-0.005056893 0.6266049 -0.01474765 1

0.1442463 -0.9872761 0.06692082 0
0.1409618 0.08743959 0.986146 0
-0.9794502 -0.1328147 0.1517811 0
0.1350049 0.1818609 -0.05751665 1

0.153947 0.9507622 -0.2689826 0
0.09714407 -0.2854727 -0.9534507 0
-0.983292 0.1206508 -0.1363085 0
-0.137952 0.1745495 0.01168252 1

-0.1489874 -0.983914 -0.09856906 0
0.8054985 -0.1785782 0.5650501 0
-0.5735632 0.004788151 0.8191473 0
0.006547431 0.7596113 0.001343933 1

0.001564264 -0.9999813 0.005892962 0
-0.08517981 0.005738288 0.996349 0
-0.9963642 -0.002060611 -0.08516927 0
0.1561687 0.0500232 -0.0363319 1

0.001431193 0.9999803 -0.006105139 0
-0.1316348 -0.005863667 -0.9912809 0
-0.9912971 0.002222314 0.1316238 0
-0.1598817 0.05007334 0.05966734 1

0.1569266 -0.9808198 0.1156125 0
0.8039895 0.1948572 0.5618108 0
-0.5735633 0.004788166 0.8191471 0
0.006948957 0.9181071 0.0006986199 1

-0.4553771 0.06968837 0.8875669 0
0.8895539 -0.005149463 0.4568008 0
0.03640424 0.9975553 -0.05964666 0
0.06785554 0.7618421 -0.07209329 1

-0.678637 -0.06022186 0.7320005 0
-0.7334839 0.003846518 -0.6796957 0
0.0381168 -0.9981774 -0.04678206 0
-0.04147627 0.762755 0.08405139 1

-0.1010339 0.01404652 0.9947836 0
0.006461009 0.9998884 -0.01346218 0
-0.9948618 0.005067099 -0.1011133 0
0.1702055 0.02835193 -0.2088784 1

-0.1473997 -0.01416931 -0.9889755 0
0.006938849 -0.9998875 0.01329139 0
-0.9890525 -0.004903238 0.1474815 0
-0.1819673 0.02838023 -0.1120316 1

0.0007128567 -0.9999905 0.00428836 0
0.06720712 0.004326597 0.9977295 0
-0.9977387 -0.0004230557 0.06720971 0
0.005665503 1.19973 -0.0166027 1

0.2116588 0.723799 0.656746 0
0.9206089 -0.3732661 0.1146785 0
0.3281453 0.5803337 -0.745341 0
0.1154048 0.7478879 -0.1648288 1

-0.4578644 -0.8652068 0.2043936 0
-0.3607667 -0.02930226 -0.9321955 0
0.8125313 -0.5005575 -0.2987214 0
-0.1124291 0.7497895 0.1605571 1

0.7521629 0.2333665 0.6162716 0
-0.08283864 -0.8942913 0.4397504 0
0.6537495 -0.381815 -0.653321 0
0.08039171 0.5867442 -0.3057129 1

-0.108428 -0.05965857 -0.9923124 0
0.2244523 0.9709525 -0.08289991 0
0.9684338 -0.2317152 -0.09188789 0
-0.2073466 0.5627547 0.2157859 1

0.9569971 0.222685 0.1859237 0
-0.2343122 0.971218 0.04281596 0
-0.1710382 -0.08453897 0.9816307 0
-0.1122515 0.5320532 -0.466522 1

-0.02495877 -0.1691705 -0.9852707 0
-0.9993099 -0.02289073 0.02924471 0
-0.02750069 0.9853208 -0.1684826 0
-0.2338756 0.5531132 -0.03948537 1

0.03158408 -0.08166016 0.9961596 0
-0.9726123 -0.2321325 0.01180877 0
0.2302766 -0.9692504 -0.08675545 0
-0.16645 0.5490745 -0.5333182 1

0.7731673 -0.6330488 0.03822478 0
0.58705 0.7371881 0.334553 0
-0.2399674 -0.2362257 0.9416012 0
-0.2201291 0.494186 -0.5328648 1

0.582826 -0.8110432 0.05022699 0
0.8076767 0.584981 0.0738613 0
-0.0892865 -0.002481192 0.9960028 0
-0.237962 0.4879819 -0.450137 1

0.9279386 0.0295889 -0.3715563 0
0.2306084 0.7375758 0.6346663 0
0.2928299 -0.6746157 0.6776018 0
-0.2106202 0.6003733 -0.10959 1

0.9172102 -0.1128525 -0.3820859 0
-0.3813437 0.02895241 -0.9239799 0
0.1153359 0.9931897 -0.01648024 0
-0.2524969 0.5746403 -0.1685696 1

0.897983 0.1967045 0.3936166 0
0.4350532 -0.26272 -0.861224 0
-0.06599555 0.9446086 -0.3214951 0
-0.2485479 0.4906223 -0.1573555 1

-0.9992662 -0.02694553 0.02721942 0
-0.03107356 0.9858279 -0.1648558 0
-0.02239148 -0.1655806 -0.9859418 0
-0.212915 0.5701089 -0.06221855 1

0.1171507 -0.09721162 0.9883448 0
-0.9880663 -0.1116223 0.1061391 0
0.1000035 -0.9889845 -0.1091281 0
-0.1698281 0.554571 -0.6081136 1

0.0242869 -0.9880373 -0.1522901 0
0.9497265 -0.02475998 0.3120998 0
-0.3121371 -0.152214 0.9377639 0
-0.2911856 0.540542 -0.5441986 1

-0.1788518 -0.9753533 -0.1292206 0
0.9773164 -0.1912613 0.09094803 0
-0.1134215 -0.1100234 0.9874361 0
-0.2974334 0.5447477 -0.4552294 1

-0.05646013 -0.9149701 -0.3995524 0
0.9870671 0.008984544 -0.1600544 0
0.1500348 -0.4034218 0.9026296 0
-0.1413381 0.6020223 -0.1384558 1

0.8128912 0.007260402 0.5823701 0
0.5822564 0.01322896 -0.8128976 0
-0.01360584 0.999886 0.006526246 0
-0.1785874 0.5699478 -0.211485 1

-0.2682102 0.1520924 0.9512787 0
0.9618171 0.09814388 0.25549 0
-0.05450384 0.9834813 -0.1726084 0
-0.1692294 0.5024611 -0.1385513 1

0.1712969 -0.1271803 0.976976 0
-0.9825888 -0.09446916 0.1599835 0
0.0719474 -0.9873706 -0.1411482 0
-0.1769094 0.5604656 -0.6693283 1

0.0113613 -0.9917755 -0.1274847 0
0.9558169 -0.02668115 0.2927494 0
-0.2937431 -0.1251781 0.9476525 0
-0.2955888 0.609452 -0.5387931 1

-0.182371 -0.9778692 -0.1025304 0
0.9712915 -0.1953751 0.1357238 0
-0.1527523 -0.07483486 0.9854269 0
-0.2948607 0.6162878 -0.4502271 1

-0.1016006 -0.9282622 -0.35778 0
0.9791855 -0.0297918 -0.2007684 0
0.1757069 -0.3707314 0.9119681 0
-0.1446978 0.5454407 -0.1633432 1

0.8096028 0.03506151 0.58593 0
0.5864624 -0.006485887 -0.8099504 0
-0.02459762 0.9993639 -0.02581331 0
-0.1200939 0.5745497 -0.1746805 1

-0.2700963 0.1785698 0.9461294 0
0.9585425 0.1425364 0.2467379 0
-0.09079767 0.9735481 -0.2096653 0
-0.1781121 0.5174638 -0.06894002 1

-1 0 0 0
0 -1.192093E-07 0.9999999 0
0 0.9999999 1.192093E-07 0
0 0 0 1

0.04410493 -0.9671163 0.2504808 0
0.1681714 0.2543342 0.9523825 0
-0.9847706 0.0001188905 0.1738587 0
0.001427923 0.3361784 0.01822208 1

0.04840016 -0.9893848 0.1370218 0
0.3387783 0.1453118 0.9295771 0
-0.9396205 0.001428295 0.3422152 0
-0.004386242 0.4734376 -0.01480467 1

0.1619518 -0.9264164 -0.3398884 0
0.116592 -0.3240588 0.9388249 0
-0.9798867 -0.1916727 0.05553093 0
0.1095757 0.3230142 -0.004335651 1

0.1839344 0.9733154 0.1372073 0
-0.07081023 0.1523469 -0.9857874 0
-0.9803846 0.1716044 0.0969425 0
-0.107909 0.3230408 0.0340606 1

-0.05236423 -0.9963661 -0.06717511 0
0.5712125 -0.08506075 0.8163826 0
-0.8191302 0.004377959 0.573591 0
-0.004658499 0.6247819 -0.01618394 1

0.1393519 -0.986034 0.09120204 0
0.1278905 0.1092502 0.9857526 0
-0.9819496 -0.1257027 0.1413286 0
0.1357394 0.1815388 -0.06103542 1

0.1523553 0.944558 -0.2908584 0
0.08170766 -0.3053244 -0.9487367 0
-0.9849425 0.1207796 -0.1236954 0
-0.1382845 0.1735378 0.008741007 1

-0.1481885 -0.9847002 -0.09168112 0
0.8056512 -0.1739661 0.5662702 0
-0.5735559 0.01005176 0.8191047 0
0.006457186 0.7579735 -0.001326526 1

0.001195613 -0.9999904 0.004212498 0
-0.08484011 0.004095808 0.9963861 0
-0.9963938 -0.001548727 -0.0848344 0
0.1560801 0.05013716 -0.03658641 1

0.000582315 0.9999877 -0.004975333 0
-0.1318185 -0.004855201 -0.9912622 0
-0.9912737 0.001232983 0.131814 0
-0.159834 0.05014615 0.05961244 1

0.1577256 -0.9798592 0.1224676 0
0.8038385 0.1994358 0.5604185 0
-0.5735559 0.01005179 0.8191047 0
0.006729804 0.9164612 -0.003080545 1

-0.4554216 0.07552476 0.8870664 0
0.889564 -0.001230488 0.4568087 0
0.03559193 0.9971429 -0.06662374 0
0.06776247 0.7597404 -0.07477873 1

-0.678578 -0.05565118 0.732417 0
-0.733496 -0.001504593 -0.6796921 0
0.03892776 -0.998449 -0.03979914 0
-0.04156793 0.7616566 0.08135787 1

-0.1006915 0.01241247 0.9948402 0
0.006827068 0.9999072 -0.01178464 0
-0.9948941 0.005605158 -0.100767 0
0.1700504 0.02875068 -0.2091738 1

-0.147576 -0.01317704 -0.9889631 0
0.007789008 -0.999896 0.01216032 0
-0.98902 -0.005908608 0.1476632 0
-0.1819339 0.0286283 -0.1121067 1

0.00136302 -0.9999597 0.008863955 0
0.06722089 0.008935555 0.9976981 0
-0.9977371 -0.0007641358 0.06723029 0
0.005263012 1.198001 -0.02167021 1

0.2005312 0.7318802 0.6512591 0
0.9237258 -0.3627073 0.1231809 0
0.3263703 0.5768833 -0.748791 0
0.1153219 0.7451766 -0.1674154 1

-0.4599201 -0.8614972 0.2151651 0
-0.3618419 -0.03945168 -0.9314044 0
0.8108909 -0.5062274 -0.2935812 0
-0.1125091 0.7491689 0.1579538 1

0.7567315 0.2321407 0.6111206 0
-0.08282721 -0.8932462 0.4418713 0
0.6484575 -0.3849953 -0.65672 0
0.08275539 0.5824066 -0.3070111 1

-0.1069423 -0.06849008 -0.9919037 0
0.2255663 0.9699409 -0.09129287 0
0.9683406 -0.2335032 -0.08827869 0
-0.2078593 0.5630569 0.215506 1

0.9558897 0.225459 0.1882626 0
-0.2364395 0.9709119 0.03776204 0
-0.1742727 -0.08060911 0.9813925 0
-0.111061 0.5280242 -0.4665099 1

-0.02191046 -0.1742242 -0.9844623 0
-0.9993824 -0.02324858 0.026357 0
-0.02747937 0.9844317 -0.173607 0
-0.2340002 0.5511418 -0.03970931 1

0.02829149 -0.07725059 0.9966103 0
-0.9721722 -0.2340764 0.009453894 0
0.2325525 -0.9691442 -0.08172346 0
-0.1650619 0.5446428 -0.5335672 1

0.7743192 -0.6312864 0.04366666 0
0.5843804 0.7398444 0.3333615 0
-0.2427532 -0.2326102 0.9417874 0
-0.2186302 0.4896466 -0.53306 1

0.5843008 -0.8096174 0.05578682 0
0.8062208 0.5869554 0.07410237 0
-0.09273907 0.001678393 0.995689 0
-0.2367374 0.4837667 -0.4503681 1

0.9290382 0.02815823 -0.3689115 0
0.2283342 0.7409321 0.6315727 0
0.2911224 -0.6709899 0.6819243 0
-0.2105573 0.5980543 -0.1099848 1

0.9184117 -0.1143406 -0.3787439 0
-0.3785759 0.02402871 -0.9252585 0
0.1148954 0.9931511 -0.02121815 0
-0.2522437 0.5719987 -0.1689575 1

0.8966976 0.1991731 0.3953024 0
0.4377725 -0.2669037 -0.858556 0
-0.06549358 0.9429171 -0.3265241 0
-0.248287 0.4880411 -0.1573016 1

-0.9993304 -0.02731374 0.02435257 0
-0.03106334 0.9849555 -0.1699937 0
-0.01934302 -0.1706366 -0.9851443 0
-0.2129797 0.5680316 -0.06246611 1

0.1139164 -0.09266017 0.9891598 0
-0.9881992 -0.113188 0.1032029 0
0.1023982 -0.9892433 -0.1044608 0
-0.1681914 0.5498061 -0.6083972 1

0.02683021 -0.98864 -0.1478886 0
0.9486856 -0.0214477 0.3154924 0
-0.3150803 -0.1487643 0.9373333 0
-0.2897413 0.5358067 -0.5448421 1

-0.1764128 -0.9762728 -0.1255784 0
0.9773827 -0.1888546 0.09516668 0
-0.1166248 -0.1059494 0.9875087 0
-0.2963065 0.5403873 -0.4559143 1

-0.05480651 -0.9170319 -0.3950306 0
0.9875402 0.008666704 -0.15713 0
0.147517 -0.3987202 0.9051304 0
-0.1411895 0.5995908 -0.1386502 1

0.811132 0.01065438 0.5847668 0
0.5846934 0.009363747 -0.8112007 0
-0.01411846 0.9998995 0.001365974 0
-0.178203 0.567124 -0.2116259 1

-0.2711466 0.1568234 0.9496772 0
0.9609962 0.09993912 0.2578748 0
-0.05446924 0.9825571 -0.1778045 0
-0.1690313 0.5000163 -0.1383198 1

0.1681626 -0.1225668 0.9781097 0
-0.9829439 -0.09578903 0.1569907 0
0.07445028 -0.9878268 -0.1365845 0
-0.1750721 0.5554192 -0.6696611 1

0.01382616 -0.9922963 -0.1231119 0
0.954847 -0.02344076 0.2961716 0
-0.2967759 -0.1216479 0.9471673 0
-0.2943037 0.6047304 -0.539753 1

-0.1800195 -0.9786794 -0.09888975 0
0.971211 -0.1927856 0.139939 0
-0.1560199 -0.07085093 0.9852095 0
-0.2938971 0.6119539 -0.4512156 1

-0.1000659 -0.930133 -0.3533267 0
0.9798002 -0.03032147 -0.1976685 0
0.1731448 -0.3659693 0.9143784 0
-0.1444463 0.5428808 -0.1632576 1

0.8078191 0.03847167 0.5881743 0
0.5889003 -0.01033358 -0.8081399 0
-0.02501256 0.9992063 -0.03100338 0
-0.1198228 0.5719439 -0.1746698 1

-0.2730302 0.1832731 0.9443867 0
0.9577258 0.1442846 0.2488857 0
-0.09064633 0.9724161 -0.2149191 0
-0.1781308 0.5153705 -0.0688133 1

-1 0 0 0
0 -1.192093E-07 0.9999999 0
0 0.9999999 1.192093E-07 0
0 0 0 1

0.04498315 -0.9658905 0.2550138 0
0.1680579 0.2589507 0.9511577 0
-0.9847502 7.102799E-05 0.1739739 0
0.002334312 0.3342178 0.01823087 1

0.05028834 -0.9882369 0.1444257 0
0.3386095 0.1529143 0.9284183 0
-0.9395822 0.002215311 0.3423162 0
-0.003604204 0.4713152 -0.01543931 1

0.162108 -0.9163079 -0.3661974 0
0.1088571 -0.3522349 0.9295594 0
-0.9807503 -0.1905522 0.04264652 0
0.110491 0.3210427 -0.004277725 1

0.1927746 0.9682199 0.1593375 0
-0.07920282 0.1772071 -0.9809815 0
-0.9780413 0.1764883 0.1108467 0
-0.1069892 0.3210588 0.03414398 1

-0.04776949 -0.9973055 -0.05567579 0
0.5716287 -0.07300462 0.8172582 0
-0.8191206 0.007214142 0.5735757 0
-0.004163053 0.6226441 -0.01795259 1

0.1341533 -0.9838773 0.118272 0
0.1159526 0.134116 0.9841584 0
-0.9841533 -0.1183141 0.1320753 0
0.1367138 0.1812501 -0.06498249 1

0.1519267 0.9367697 -0.3152476 0
0.06645641 -0.3279099 -0.9423688 0
-0.986155 0.1222208 -0.1120727 0
-0.1387637 0.1724592 0.005447631 1

-0.1472405 -0.985597 -0.08317985 0
0.8058197 -0.168298 0.5677415 0
-0.5735632 0.01656657 0.8189937 0
0.006338591 0.7560481 -0.004633153 1

0.0008359514 -0.9999964 0.002514258 0
-0.08389135 0.002435208 0.9964719 0
-0.9964744 -0.001043973 -0.08388905 0
0.1560048 0.05041665 -0.03690504 1

0.0003301613 0.9999955 -0.00304009 0
-0.1319768 -0.002969892 -0.9912485 0
-0.9912527 0.0007285197 0.1319752 0
-0.1597581 0.0503421 0.05952586 1

0.1586696 -0.9786139 0.130916 0
0.8036475 0.205038 0.5586683 0
-0.5735631 0.01656661 0.8189937 0
0.006458598 0.914515 -0.00775457 1

-0.455492 0.08273809 0.8863868 0
0.8895659 0.003567373 0.4567928 0
0.03463207 0.996565 -0.07522593 0
0.06764196 0.7572403 -0.07809853 1

-0.6785224 -0.04998348 0.7328773 0
-0.7334959 -0.008075289 -0.6796457 0
0.03988923 -0.9987174 -0.0311834 0
-0.04168984 0.7603983 0.0780169 1

-0.09974125 0.01076022 0.9949551 0
0.007179454 0.9999232 -0.01009424 0
-0.9949874 0.006136459 -0.09981083 0
0.1698032 0.02931806 -0.2095417 1

-0.1477318 -0.01130018 -0.9889631 0
0.008042321 -0.9999155 0.01022383 0
-0.9889947 -0.006443148 0.1478101 0
-0.1818803 0.02915109 -0.1122311 1

0.002120864 -0.9998934 0.01444644 0
0.06722151 0.01455632 0.997632 0
-0.9977358 -0.001144728 0.06724513 0
0.004778278 1.195946 -0.02791587 1

0.1869919 0.7415261 0.6443391 0
0.9272918 -0.3497602 0.1334084 0
0.3242899 0.5725442 -0.7530133 0
0.115215 0.7419234 -0.1706063 1

-0.4622239 -0.8569161 0.228131 0
-0.3631097 -0.0518059 -0.9303049 0
0.8090119 -0.5128459 -0.2872088 0
-0.1126186 0.7485035 0.1547183 1

0.7624792 0.2302685 0.6046502 0
-0.08306362 -0.8919553 0.4444281 0
0.6416587 -0.3890916 -0.6609704 0
0.08562261 0.5772173 -0.3085828 1

-0.1051606 -0.07934564 -0.9912849 0
0.2267796 0.9686334 -0.1015905 0
0.9682522 -0.2354863 -0.08386815 0
-0.2084523 0.5635292 0.2150657 1

0.9547588 0.2283853 0.1904621 0
-0.2385385 0.9706093 0.03189041 0
-0.177581 -0.07588006 0.9811763 0
-0.1096667 0.5233092 -0.466436 1

-0.01832858 -0.1800678 -0.9834837 0
-0.9994538 -0.02375915 0.02297634 0
-0.02750377 0.9833674 -0.179534 0
-0.234129 0.5488197 -0.04004819 1

0.02492109 -0.07202873 0.9970911 0
-0.9717234 -0.2360113 0.007237834 0
0.2348035 -0.9690773 -0.0758738 0
-0.1634635 0.5394698 -0.5337687 1

0.7754374 -0.6294674 0.0496726 0
0.5816967 0.7427546 0.3315787 0
-0.2456127 -0.2282242 0.9421191 0
-0.2169218 0.4843675 -0.5331651 1

0.585739 -0.8081213 0.06204734 0
0.8047627 0.5889786 0.07390073 0
-0.09626526 0.006646797 0.9953336 0
-0.2353096 0.478879 -0.4505082 1

0.9303141 0.02659239 -0.3657994 0
0.2256282 0.744813 0.62797 0
0.2891512 -0.6667439 0.6869098 0
-0.2104689 0.5953307 -0.1105175 1

0.9198143 -0.1159693 -0.3748245 0
-0.3753284 0.01829425 -0.9267116 0
0.1143275 0.9930847 -0.0266993 0
-0.2519304 0.5688982 -0.1694811 1

0.89517 0.2021099 0.3972691 0
0.4409675 -0.271693 -0.8554128 0
-0.06495193 0.9409225 -0.3323353 0
-0.2479605 0.4850138 -0.157314 1

-0.9993922 -0.02783597 0.02099629 0
-0.03110081 0.9839104 -0.1759365 0
-0.01576094 -0.1764826 -0.9841778 0
-0.2130394 0.5655884 -0.06283051 1

0.1106027 -0.08730174 0.990023 0
-0.9883269 -0.114672 0.1003013 0
0.1047716 -0.9895601 -0.09896567 0
-0.1663387 0.5442389 -0.608635 1

0.02935663 -0.9893362 -0.1426622 0
0.947605 -0.0178734 0.3189447 0
-0.3180932 -0.1445506 0.9369748 0
-0.2880841 0.5303204 -0.5454375 1

-0.1739887 -0.9772689 -0.1211339 0
0.9774207 -0.1863605 0.09959307 0
-0.1199037 -0.1010706 0.9876272 0
-0.2949733 0.5353483 -0.4565584 1

-0.05282136 -0.9193925 -0.3897793 0
0.9880821 0.008394873 -0.1537015 0
0.1445842 -0.3932526 0.9079914 0
-0.1410015 0.5967436 -0.1389472 1

0.809059 0.01465984 0.587545 0
0.5875422 0.004948295 -0.8091787 0
-0.01476948 0.9998807 -0.004609793 0
-0.1777367 0.5638203 -0.211859 1

-0.2745929 0.1622656 0.9477708 0
0.9600165 0.1021065 0.260659 0
-0.05447719 0.9814503 -0.1838153 0
-0.1687799 0.4971542 -0.1381247 1

0.1649484 -0.1171542 0.9793198 0
-0.983297 -0.09698395 0.1540164 0
0.07693461 -0.988367 -0.1311948 0
-0.173014 0.5495205 -0.669951 1

0.01627247 -0.9928907 -0.1179129 0
0.9538384 -0.01995393 0.2996562 0
-0.2998788 -0.1173461 0.9467325 0
-0.2928042 0.5992602 -0.5407221 1

-0.1776849 -0.9795448 -0.09444588 0
0.9710983 -0.1900721 0.1443629 0
-0.1593616 -0.06606514 0.9850072 0
-0.2927256 0.606943 -0.4522225 1

-0.09821895 -0.9322767 -0.348158 0
0.9805102 -0.03083792 -0.1940351 0
0.1701579 -0.3604304 0.9171351 0
-0.144135 0.5398867 -0.1632294 1

0.8057162 0.04249465 0.590776 0
0.5917509 -0.01472779 -0.8059864 0
-0.02554902 0.9989884 -0.03701266 0
-0.1194903 0.5688981 -0.1747269 1

-0.2764748 0.1886822 0.9423169 0
0.9567493 0.1463958 0.2513958 0
-0.090517 0.9710653 -0.2209963 0
-0.1781344 0.5129138 -0.06874277 1

-1 0 0 0
0 -1.192093E-07 0.9999999 0
0 0.9999999 1.192093E-07 0
0 0 0 1

0.04594088 -0.9645256 0.259961 0
0.1679298 0.2639892 0.9497943 0
-0.9847279 2.078126E-05 0.1741005 0
0.003333071 0.3321258 0.01822217 1

0.05237818 -0.9869025 0.1525779 0
0.3384071 0.1612886 0.9270741 0
-0.9395409 0.003074948 0.3424228 0
-0.002741065 0.4690429 -0.01615031 1

0.1629854 -0.9054817 -0.3918399 0
0.1008679 -0.3797772 0.9195623 0
-0.9814589 -0.1893994 0.02943587 0
0.1114995 0.3189389 -0.004232718 1

0.2035021 0.9620554 0.1817592 0
-0.08908429 0.2030683 -0.9751038 0
-0.9750133 0.1822438 0.1270288 0
-0.1059758 0.3189439 0.03421694 1

-0.04255779 -0.9981743 -0.04285906 0
0.5720404 -0.05951487 0.8180633 0
-0.8191206 0.01029783 0.5735288 0
-0.003617438 0.6203443 -0.01991365 1

0.1271268 -0.980944 0.146927 0
0.1035318 0.1604427 0.9816003 0
-0.9864685 -0.1095762 0.1219555 0
0.1378937 0.1809372 -0.06883579 1

0.1488159 0.9285008 -0.3402062 0
0.04974646 -0.3506308 -0.9351918 0
-0.987613 0.1222473 -0.09836911 0
-0.1394462 0.1714188 0.002107246 1

-0.1462381 -0.9864907 -0.07382814 0
0.805976 -0.1620863 0.5693247 0
-0.5736001 0.02375325 0.818791 0
0.006187283 0.7539614 -0.008309567 1

0.000949353 -0.9999941 0.003284678 0
-0.0840607 0.00319317 0.9964555 0
-0.9964601 -0.001222168 -0.08405716 0
0.1560305 0.05081731 -0.0369335 1

0.0004040338 0.9999972 -0.002347722 0
-0.1318485 -0.002273978 -0.9912674 0
-0.9912698 0.0007100357 0.1318471 0
-0.1598533 0.05070131 0.05945377 1

0.1596595 -0.9771661 0.1401965 0
0.803425 0.2111445 0.5567102 0
-0.5736001 0.02375328 0.818791 0
0.006146532 0.9123916 -0.01293421 1

-0.4555977 0.0906802 0.8855551 0
0.8895506 0.008803849 0.4567518 0
0.03362209 0.9958411 -0.08467568 0
0.06749124 0.7545188 -0.08178202 1

-0.6784891 -0.04371697 0.7333084 0
-0.733471 -0.01526723 -0.6795495 0
0.04090349 -0.9989274 -0.02170649 0
-0.0418476 0.7590467 0.07429475 1

-0.09991127 0.0115156 0.9949297 0
0.007067401 0.9999161 -0.01086354 0
-0.9949712 0.005946126 -0.09998427 0
0.1698606 0.02958732 -0.2095515 1

-0.1476043 -0.01060511 -0.9889899 0
0.007967561 -0.9999231 0.009533166 0
-0.9890144 -0.006472738 0.1476774 0
-0.1819547 0.02963082 -0.1123207 1

0.002897874 -0.9997874 0.0204087 0
0.06719257 0.0205573 0.9975281 0
-0.9977358 -0.001519429 0.0672377 0
0.004247798 1.193695 -0.03477343 1

0.1721118 0.7518119 0.6365187 0
0.9309635 -0.3353563 0.1443715 0
0.3220008 0.5677276 -0.7576283 0
0.1150822 0.7383734 -0.1741398 1

-0.4646068 -0.8517339 0.2422598 0
-0.3644955 -0.0653841 -0.928907 0
0.8070215 -0.519879 -0.2800751 0
-0.1127663 0.7478083 0.1511047 1

0.7689089 0.2280571 0.5973013 0
-0.08334115 -0.8904983 0.4472886 0
0.6339033 -0.393704 -0.6657054 0
0.08875563 0.5716085 -0.310294 1

-0.1031881 -0.0913376 -0.9904593 0
0.2280027 0.9670885 -0.112936 0
0.9681771 -0.2374811 -0.07896647 0
-0.2091002 0.5641157 0.2144955 1

0.9537029 0.2311337 0.1924262 0
-0.2403512 0.970346 0.0256929 0
-0.1807816 -0.07075346 0.9809752 0
-0.1081843 0.5182587 -0.4662763 1

-0.01442914 -0.1863256 -0.982382 0
-0.9995151 -0.02442282 0.01931297 0
-0.02759099 0.9821845 -0.1858829 0
-0.234263 0.5463177 -0.04047529 1

0.02165801 -0.06645405 0.9975545 0
-0.9713261 -0.2376936 0.005254415 0
0.2367631 -0.9690646 -0.06969658 0
-0.1617802 0.53395 -0.5338798 1

0.7763696 -0.6278036 0.05579441 0
0.5792598 0.7456143 0.3294199 0
-0.2484122 -0.2234322 0.9425337 0
-0.2151432 0.4787571 -0.5331514 1

0.5869442 -0.8067231 0.06851746 0
0.8034702 0.5908082 0.07335711 0
-0.0996596 0.01199503 0.9949494 0
-0.2338021 0.4736944 -0.4505281 1

0.9316836 0.02502251 -0.3624083 0
0.2226414 0.748969 0.6240807 0
0.2870489 -0.6621326 0.6922308 0
-0.2103704 0.5923994 -0.1111479 1

0.9213306 -0.1176021 -0.3705671 0
-0.3717992 0.01210356 -0.9282344 0
0.1136476 0.9929872 -0.03257291 0
-0.2515855 0.5655593 -0.1701001 1

0.8934864 0.2053547 0.3993896 0
0.4444461 -0.2767632 -0.85198 0
-0.0644218 0.9387395 -0.338553 0
-0.2475961 0.4817572 -0.1573852 1

-0.9994428 -0.02851216 0.01735909 0
-0.03120217 0.9827473 -0.1823025 0
-0.01186183 -0.1827428 -0.9830891 0
-0.2130996 0.5629585 -0.0632831 1

0.10739 -0.0816137 0.9908617 0
-0.9884591 -0.1158698 0.09758614 0
0.1068466 -0.989906 -0.09311499 0
-0.1644092 0.5382989 -0.6087806 1

0.03158033 -0.9900583 -0.1370675 0
0.9465452 -0.01442099 0.3222489 0
-0.3210219 -0.1399175 0.9366795 0
-0.2863441 0.5245147 -0.5459198 1

-0.1718579 -0.9782335 -0.1162956 0
0.9774024 -0.1840687 0.1039383 0
-0.1230824 -0.09580524 0.9877613 0
-0.2935441 0.5300232 -0.4570938 1

-0.05060858 -0.921892 -0.3841278 0
0.988655 0.008219399 -0.1499802 0
0.1414232 -0.3873601 0.9110168 0
-0.140796 0.593688 -0.1393208 1

0.8067966 0.01904711 0.5905228 0
0.5906255 0.000284917 -0.8069458 0
-0.01553819 0.9998187 -0.0110198 0
-0.1772264 0.5602725 -0.2121615 1

-0.2783396 0.1680595 0.9456654 0
0.9589329 0.1045382 0.2636662 0
-0.05454649 0.9802182 -0.1902547 0
-0.1684991 0.4940834 -0.1379714 1

0.1618242 -0.1114284 0.9805086 0
-0.9836431 -0.0978751 0.1512187 0
0.07911734 -0.9889413 -0.1254444 0
-0.1708852 0.5432285 -0.6701472 1

0.01841837 -0.9934989 -0.1123433 0
0.9528481 -0.01659736 0.3029937 0
-0.3028885 -0.1126269 0.9463478 0
-0.2912014 0.5934711 -0.5416032 1

-0.1756409 -0.9803676 -0.08960817 0
0.9709347 -0.1875432 0.1487065 0
-0.1625925 -0.06088495 0.9848131 0
-0.291437 0.6016448 -0.4531478 1

-0.09615479 -0.9345484 -0.3425989 0
0.981268 -0.03127493 -0.1900922 0
0.166936 -0.3544598 0.9200493 0
-0.143792 0.5366755 -0.1632529 1

0.8034195 0.04689918 0.5935641 0
0.5948375 -0.01936706 -0.8036125 0
-0.02619309 0.9987121 -0.04345722 0
-0.1191263 0.5656332 -0.1748403 1

-0.2802214 0.1944394 0.940037 0
0.9556663 0.148765 0.2541094 0
-0.0904358 0.9695682 -0.2275062 0
-0.1781308 0.5102757 -0.06872729 1

-1 0 0 0
0 -1.192093E-07 0.9999999 0
0 0.9999999 1.192093E-07 0
0 0 0 1

0.04688489 -0.9631349 0.264902 0
0.1678074 0.269019 0.9484036 0
-0.9847044 -1.337221E-05 0.174234 0
0.004329021 0.3300492 0.01822018 1

0.05449331 -0.9854777 0.160823 0
0.3381919 0.1697586 0.9256393 0
-0.9394982 0.003947827 0.3425313 0
-0.001878785 0.4667823 -0.01685379 1

0.1646189 -0.8949262 -0.4147382 0
0.0930925 -0.4045012 0.9097871 0
-0.9819545 -0.1883772 0.01672239 0
0.1125048 0.3168492 -0.004181664 1

0.2150945 0.9553576 0.2025499 0
-0.09847663 0.2275653 -0.9687706 0
-0.9716156 0.1884307 0.1430284 0
-0.1049653 0.3168466 0.03429748 1

-0.0370732 -0.9988721 -0.02966884 0
0.572409 -0.04556236 0.8187014 0
-0.8191299 0.01336908 0.5734524 0
-0.003076739 0.6180448 -0.02188299 1

0.1187747 -0.9774421 0.1746405 0
0.09188373 0.1859508 0.9782533 0
-0.9886608 -0.1001452 0.1118973 0
0.1391861 0.1805846 -0.07226062 1

0.1441888 0.9201736 -0.3639922 0
0.03391344 -0.3722151 -0.9275267 0
-0.988969 0.1213947 -0.08487552 0
-0.1402626 0.1704735 -0.0009717179 1

-0.1453002 -0.9872907 -0.06438189 0
0.806098 -0.1558619 0.5708883 0
-0.5736675 0.03105198 0.8184996 0
0.005994099 0.7518553 -0.01204563 1

0.00109221 -0.9999857 0.005249202 0
-0.08454269 0.005138144 0.9964066 0
-0.9964194 -0.001532135 -0.08453578 0
0.1560403 0.05125079 -0.03667096 1

0.0004858784 0.9999937 -0.003543645 0
-0.1314697 -0.003449023 -0.9913142 0
-0.9913201 0.0009474597 0.1314672 0
-0.159827 0.05113893 0.05947898 1

0.1605767 -0.9756268 0.1495576 0
0.8031942 0.2172282 0.5546988 0
-0.5736675 0.03105204 0.8184995 0
0.005803636 0.9102339 -0.01818767 1

-0.4557318 0.09872755 0.884625 0
0.8895169 0.01402104 0.456687 0
0.03268432 0.9950157 -0.09420968 0
0.06730156 0.751767 -0.08551725 1

-0.678488 -0.0373337 0.7336622 0
-0.7334185 -0.02247054 -0.6794057 0
0.0418504 -0.9990501 -0.01213509 0
-0.04205013 0.7576862 0.070504 1

-0.1003937 0.01345479 0.9948568 0
0.006928209 0.9998938 -0.01282371 0
-0.9949236 0.005605098 -0.1004762 0
0.1699569 0.02968385 -0.2092403 1

-0.1472271 -0.01177539 -0.9890326 0
0.007882956 -0.9999115 0.01073146 0
-0.9890713 -0.006216608 0.1473069 0
-0.1818645 0.02986483 -0.1122785 1

0.003586359 -0.999651 0.02617363 0
0.06713241 0.02635541 0.9973959 0
-0.9977378 -0.001819991 0.06720354 0
0.003711904 1.191406 -0.04164886 1

0.1570059 0.7618839 0.6283965 0
0.9344509 -0.3205223 0.1551353 0
0.3196103 0.5628488 -0.7622669 0
0.114913 0.7347826 -0.1777143 1

-0.4669168 -0.8462689 0.2565501 0
-0.3659357 -0.07920413 -0.9272634 0
0.805034 -0.5268354 -0.2726981 0
-0.1129626 0.7471172 0.1474149 1

0.7752528 0.2262761 0.5897306 0
-0.08323362 -0.8888972 0.4504822 0
0.6261435 -0.3983229 -0.6702861 0
0.09189901 0.5660105 -0.3119831 1

-0.1011458 -0.1035729 -0.9894655 0
0.2291706 0.9653941 -0.1244798 0
0.968117 -0.2393467 -0.07390967 0
-0.2097803 0.5647701 0.2138813 1

0.9526033 0.2340441 0.1943464 0
-0.242254 0.9700218 0.01926425 0
-0.1840118 -0.06543241 0.9807439 0
-0.1066719 0.5131074 -0.4660394 1

-0.01053734 -0.192525 -0.9812353 0
-0.9995602 -0.02518296 0.01567522 0
-0.02772799 0.9809691 -0.192175 0
-0.2344116 0.54382 -0.04090551 1

0.01836144 -0.06065446 0.9979901 0
-0.970892 -0.2394963 0.003307634 0
0.2388144 -0.9690012 -0.0632866 0
-0.1600651 0.528307 -0.5339153 1

0.7773476 -0.6260016 0.06207417 0
0.5767302 0.7485977 0.3270845 0
-0.2512242 -0.2184582 0.9429544 0
-0.2133268 0.4730182 -0.5330505 1

0.5882151 -0.8052025 0.07518326 0
0.8021068 0.5927407 0.07268807 0
-0.1030932 0.01754878 0.9945171 0
-0.2322595 0.4683972 -0.4504636 1

0.9330317 0.02356081 -0.3590223 0
0.2196259 0.7530831 0.620186 0
0.2849855 -0.6575039 0.6974754 0
-0.2102903 0.5894764 -0.1117762 1

0.9228322 -0.1191215 -0.3663211 0
-0.3682809 0.005925945 -0.9296958 0
0.1129179 0.9928622 -0.03840173 0
-0.251258 0.5622291 -0.1707139 1

0.8917863 0.208656 0.4014731 0
0.4479168 -0.2817339 -0.848526 0
-0.06394127 0.9365304 -0.3447069 0
-0.2472451 0.4785123 -0.1574557 1

-0.9994767 -0.02928447 0.01374744 0
-0.03135315 0.9815512 -0.1886122 0
-0.007970516 -0.1889444 -0.9819552 0
-0.213176 0.5603354 -0.06373736 1

0.1041441 -0.07569023 0.9916781 0
-0.9885696 -0.1171742 0.09487472 0
0.109018 -0.9902232 -0.08702812 0
-0.1624453 0.5322184 -0.6088487 1

0.0339035 -0.9907716 -0.131236 0
0.94546 -0.01077031 0.3255604 0
-0.3239696 -0.1351161 0.9363694 0
-0.2845691 0.5185667 -0.5463264 1

-0.1696267 -0.9792116 -0.1112284 0
0.9773834 -0.1816165 0.1083404 0
-0.1262894 -0.09033538 0.9878718 0
-0.292084 0.524574 -0.4575588 1

-0.04835761 -0.9243388 -0.3784969 0
0.9892102 0.00814696 -0.1462779 0
0.138294 -0.3814867 0.9139709 0
-0.1406105 0.590649 -0.1396924 1

0.804531 0.02348004 0.5934468 0
0.5936861 -0.004278727 -0.8046856 0
-0.01635467 0.9997152 -0.01738223 0
-0.1767353 0.556743 -0.2124588 1

-0.2820739 0.1737695 0.9435245 0
0.9578345 0.107044 0.2666373 0
-0.05466492 0.9789515 -0.1966367 0
-0.1682329 0.4910305 -0.1378202 1

0.1586691 -0.1054613 0.9816833 0
-0.9839711 -0.09886127 0.1484186 0
0.08139806 -0.9894974 -0.1194571 0
-0.1687201 0.5367815 -0.6702644 1

0.02066321 -0.9940941 -0.1065376 0
0.9518331 -0.01304583 0.3063397 0
-0.3059206 -0.1077359 0.9459418 0
-0.2895702 0.5875374 -0.542425 1

-0.1734972 -0.9811992 -0.08454209 0
0.9707686 -0.1848447 0.1531055 0
-0.1658545 -0.05550746 0.9845871 0
-0.2901244 0.596221 -0.4540195 1

-0.09405024 -0.9367731 -0.337062 0
0.9820096 -0.03160592 -0.186168 0
0.1637442 -0.3485077 0.9228925 0
-0.1434666 0.5334842 -0.1632759 1

0.8011183 0.05134775 0.5962996 0
0.5979022 -0.02390551 -0.8012124 0
-0.02688532 0.9983948 -0.0498522 0
-0.118782 0.5623901 -0.1749521 1

-0.2839572 0.2001117 0.9377227 0
0.9545661 0.1512069 0.2567895 0
-0.09040318 0.9680354 -0.2339562 0
