MeshAnim
1
20
42
30
-1 0 0 0
0 -1.192093E-07 0.9999999 0
0 0.9999999 1.192093E-07 0
0 0 0 1

0.04289186 -0.9690149 0.2432496 0
0.1682677 0.2470022 0.9542933 0
-0.9848078 -2.59119E-07 0.1736483 0
-5.7742E-08 0.4893293 0.03149633 1

0.01771053 -0.999842 0.00155817 0
0.3415615 0.007514796 0.9398293 0
-0.9396926 -0.01611257 0.3416406 0
-0.005642608 0.6268385 -0.000504106 1

0.01876268 -0.4943907 -0.8690373 0
0.2175937 -0.8463375 0.4861747 0
-0.9758591 -0.1982189 0.09169672 0
0.1081368 0.4762045 0.008863438 1

0.06909372 0.6487791 -0.7578337 0
-0.2193134 -0.731187 -0.6459623 0
-0.9732049 0.2108351 0.0917654 0
-0.1093561 0.4762047 0.04721323 1

-0.1094407 -0.9602001 -0.2569796 0
0.5621583 -0.2730051 0.7806704 0
-0.8197566 -0.05902606 0.5696622 0
-0.001255878 0.7769097 0.01863942 1

0.001764983 -0.6094975 -0.7927859 0
0.2175823 -0.7735595 0.5952005 0
-0.9760403 -0.1735466 0.1312505 0
0.1117227 0.4037837 -0.1277274 1

-0.03800067 -0.0545948 -0.9977853 0
0.1214051 -0.9913623 0.04961958 0
-0.9918754 -0.1192506 0.04430038 0
-0.1226119 0.3731028 0.1617085 1

-0.2459981 -0.9045604 -0.3482173 0
0.7787077 -0.3983576 0.4846915 0
-0.5771478 -0.1519262 0.8023831 0
0.01745974 0.903901 0.05872994 1

0.06562121 -0.8637717 -0.4995923 0
-0.1489751 -0.5035407 0.8510306 0
-0.9866612 0.01858127 -0.1617235 0
0.1149654 0.3123059 -0.2272219 1

-0.08762091 -0.2435822 -0.9659144 0
0.0336906 -0.9698136 0.2415093 0
-0.9955841 -0.01138085 0.09318229 0
-0.1187783 0.3927015 0.2954207 1

0.05685172 -0.9876336 -0.1461092 0
0.8146584 -0.03870986 0.5786477 0
-0.5771478 -0.1519262 0.8023831 0
0.03374873 1.056252 0.09929314 1

-0.4536391 -0.1191064 0.8831903 0
0.8806388 -0.2119259 0.4237482 0
0.1366998 0.9700005 0.2010276 0
0.07930568 0.9190975 -0.01269018 1

-0.687462 -0.1812726 0.7032327 0
-0.7235937 0.253266 -0.6420816 0
-0.061713 -0.9502614 -0.3052784 0
-0.03070943 0.8901377 0.140259 1

-0.1651988 -0.4959579 0.8524877 0
-0.05713861 0.8677249 0.49375 0
-0.9846039 0.03285708 -0.1716854 0
0.1413684 0.3817399 -0.3851469 1

-0.04124209 -0.9370362 -0.3467893 0
0.1069915 -0.3492306 0.9309088 0
-0.9934043 0.001289224 0.1146578 0
-0.1103782 0.2297246 0.3571619 1

0.04026152 -0.9854159 -0.1653317 0
0.05496108 -0.1630313 0.985089 0
-0.9976764 -0.0487479 0.0475955 0
0.02152224 1.336468 0.1299769 1

0.1776616 0.7323089 0.6573889 0
0.9548247 -0.2899783 0.06498105 0
0.2382146 0.6161466 -0.7507445 0
0.126005 0.9251363 -0.1067026 1

-0.7091578 -0.6551327 0.2605686 0
-0.3028253 -0.05072435 -0.9516953 0
0.6367041 -0.7538091 -0.1624191 0
-0.1032531 0.8647872 0.2120249 1

0.8014047 0.3476757 0.4866952 0
0.1550699 -0.9066561 0.3923369 0
0.5776711 -0.2389489 -0.7805123 0
0.09875715 0.7631283 -0.2483107 1

0.03803586 -0.419819 -0.9068108 0
0.3779081 0.8461142 -0.3758677 0
0.9250617 -0.3283946 0.1908356 0
-0.2532759 0.7234999 0.2796489 1

0.9567316 0.1531373 0.2474141 0
-0.2105766 0.951206 0.2255331 0
-0.2008042 -0.2678742 0.942296 0
-0.1079221 0.6791579 -0.3755709 1

-0.002680281 0.02816987 -0.9995998 0
-0.9999901 0.003578078 0.002782088 0
0.003654856 0.999597 0.02816006 0
-0.2413009 0.6206518 0.04461483 1

0.001334066 -0.2740483 0.9617152 0
-0.9781632 -0.2002365 -0.05570175 0
0.2078353 -0.9406399 -0.2683312 0
-0.15976 0.7104443 -0.4389977 1

0.7553782 -0.6517484 -0.06803045 0
0.5959782 0.6401362 0.4848048 0
-0.2724222 -0.4067555 0.8719729 0
-0.2148132 0.6581719 -0.4504493 1

0.5602949 -0.8228034 -0.09520864 0
0.8199276 0.5346644 0.2045801 0
-0.1174246 -0.1926892 0.9742088 0
-0.2351286 0.6366035 -0.3709352 1

0.9381691 0.07236931 -0.3385293 0
0.2330382 0.5911187 0.7721868 0
0.2559938 -0.8033319 0.5377042 0
-0.2148809 0.6799768 -0.014305 1

0.9238968 -0.06482875 -0.377111 0
-0.355134 0.2216503 -0.9081584 0
0.1424614 0.972969 0.1817591 0
-0.2558149 0.6676507 -0.07807738 1

0.8919106 0.08708349 0.4437484 0
0.4510972 -0.1024508 -0.8865753 0
-0.03174378 0.9909192 -0.13066 0
-0.2544379 0.5829824 -0.0835343 1

-1 -2.719462E-07 -9.685758E-08 0
-2.682209E-07 0.9994965 0.03173844 0
2.793968E-09 0.03173834 -0.9994966 0
-0.2192789 0.6411003 0.0261244 1

0.08666284 -0.2903942 0.9529749 0
-0.9931966 -0.09987255 0.05988739 0
0.07778519 -0.9516811 -0.2970739 0
-0.1608822 0.7304291 -0.5113533 1

0.003367208 -0.9400795 -0.3409396 0
0.9395891 -0.1137266 0.3228601 0
-0.342288 -0.3214302 0.8829054 0
-0.2843155 0.7079914 -0.454166 1

-0.1999529 -0.9259135 -0.3204737 0
0.9691597 -0.2349866 0.07423618 0
-0.1440436 -0.2957462 0.9443441 0
-0.292965 0.6950677 -0.3662432 1

-0.07019702 -0.8166088 -0.5729078 0
0.9909422 0.008828832 -0.134002 0
0.1144855 -0.5771248 0.8085918 0
-0.1448195 0.6850516 -0.04079294 1

0.7966394 -0.1328909 0.5896664 0
0.6043121 0.1538488 -0.7817532 0
0.01316845 0.9791176 0.2028696 0
-0.1809179 0.6691179 -0.1194858 1

-0.2898085 -0.02892958 0.9566476 0
0.9568024 0.0155403 0.2903249 0
-0.0232657 0.999461 0.02317624 0
-0.1753704 0.5883788 -0.06107548 1

0.1403266 -0.3192299 0.9372305 0
-0.9888067 -0.09365236 0.1161502 0
0.05069536 -0.9430387 -0.3287989 0
-0.1660786 0.7482859 -0.5703977 1

-0.01034524 -0.9481567 -0.3176353 0
0.9461728 -0.112047 0.3036492 0
-0.323497 -0.2973966 0.8982793 0
-0.2871104 0.77465 -0.4355641 1

-0.2042878 -0.9334446 -0.2948693 0
0.9617692 -0.2475123 0.1172082 0
-0.1823913 -0.259652 0.9483219 0
-0.2887105 0.7641706 -0.3473662 1

-0.1167995 -0.8363922 -0.5355435 0
0.9831296 -0.02094188 -0.1817096 0
0.1407654 -0.5477321 0.8247274 0
-0.1490239 0.6345835 -0.07639425 1

0.7940053 -0.1062372 0.5985564 0
0.6079038 0.1338153 -0.7826539 0
0.003050834 0.9852957 0.170832 0
-0.1233451 0.6645538 -0.08125269 1

-0.290839 -0.00191016 0.9567706 0
0.9549646 0.06086826 0.2904117 0
-0.05879192 0.9981441 -0.01587876 0
-0.1857372 0.5897163 0.009920703 1

-1 0 0 0
0 -1.192093E-07 0.9999999 0
0 0.9999999 1.192093E-07 0
0 0 0 1

0.04266834 -0.9690092 0.2433116 0
0.1675452 0.2470245 0.9544147 0
-0.9849408 4.241789E-05 0.1728929 0
-3.475696E-06 0.4996498 0.03149714 1

0.01766037 -0.9997641 0.01264413 0
0.3406926 0.01790643 0.9400042 0
-0.940009 -0.01229304 0.3409284 0
-0.005616238 0.6371582 -0.0005117528 1

0.02523429 -0.6519567 -0.7578362 0
0.3829125 -0.6939586 0.6097537 0
-0.92344 -0.3055716 0.2321308 0
0.1081502 0.4865201 0.008947588 1

0.05530717 0.7587062 -0.6490808 0
-0.1796818 -0.6319 -0.753934 0
-0.9821689 0.158326 0.101377 0
-0.1093721 0.4865299 0.04713055 1

-0.1092939 -0.9651385 -0.2378291 0
0.5614132 -0.2573825 0.7864919 0
-0.8202868 -0.0475616 0.5699716 0
-0.001239901 0.787432 0.01697316 1

-0.04125811 -0.6371452 -0.7696385 0
0.3758669 -0.723609 0.5788904 0
-0.9257548 -0.2653977 0.2693365 0
0.1119324 0.3892625 -0.1112245 1

-0.02008775 0.1616404 -0.9866452 0
0.1288501 -0.9781962 -0.1628795 0
-0.9914607 -0.1304012 -0.001177598 0
-0.12034 0.3667786 0.1443634 1

-0.2318141 -0.9224786 -0.3086996 0
0.7832627 -0.3651955 0.5031223 0
-0.5768553 -0.1251621 0.8072004 0
0.01745068 0.9151981 0.05453358 1

0.05764774 -0.8887601 -0.4547331 0
-0.1523859 -0.4579867 0.8758006 0
-0.9866385 0.01880707 -0.1618363 0
0.1138158 0.2979289 -0.2108864 1

-0.08438171 -0.05768236 -0.9947623 0
0.01291206 -0.9983025 0.05679255 0
-0.99635 -0.008052124 0.08498327 0
-0.1189773 0.3571083 0.2792055 1

0.07171784 -0.9921356 -0.1025853 0
0.8136921 -0.001286248 0.5812949 0
-0.5768553 -0.125162 0.8072004 0
0.03139868 1.069403 0.0884119 1

-0.4540444 -0.08701318 0.8867201 0
0.8825964 -0.1801245 0.4342572 0
0.121934 0.9797878 0.1585819 0
0.07924481 0.9281655 -0.01736926 1

-0.6864789 -0.1604496 0.7092268 0
-0.7256303 0.2141819 -0.6539013 0
-0.04698535 -0.9635258 -0.2634583 0
-0.03071451 0.9043074 0.1364982 1

-0.1672492 -0.470449 0.8664327 0
-0.05227155 0.8818062 0.4687062 0
-0.9845281 0.03310109 -0.1720725 0
0.140395 0.3591574 -0.3723738 1

-0.05201336 -0.8807893 -0.4706431 0
0.09376568 -0.4735066 0.8757851 0
-0.9942348 0.001422444 0.1072165 0
-0.1142433 0.1853539 0.3095468 1

0.0491293 -0.984792 -0.1666475 0
0.06011257 -0.1636312 0.9846886 0
-0.9969822 -0.05839462 0.05115919 0
0.01661357 1.349455 0.1194715 1

0.2007874 0.7497088 0.6305721 0
0.9524689 -0.2999345 0.05331654 0
0.2291023 0.5898951 -0.7742972 0
0.1260847 0.9307716 -0.1114687 1

-0.6883003 -0.6799634 0.2527695 0
-0.281412 -0.07087997 -0.9569656 0
0.668618 -0.7298121 -0.1425632 0
-0.1030566 0.8810534 0.2091709 1

0.7855452 0.3867557 0.4830518 0
0.1729921 -0.8867515 0.4286557 0
0.5941321 -0.2531642 -0.7634889 0
0.09380111 0.7648795 -0.2474049 1

0.01294735 -0.4744786 -0.8801718 0
0.3667427 0.821155 -0.4372694 0
0.9302324 -0.3171349 0.1846434 0
-0.248813 0.7346255 0.2751682 1

0.9576769 0.1438638 0.249316 0
-0.1981519 0.9577401 0.208496 0
-0.208785 -0.2490743 0.9457122 0
-0.1089086 0.6707611 -0.3739442 1

-0.00275818 0.01844077 -0.9998261 0
-0.9999434 0.0102399 0.002947552 0
0.01029264 0.9997777 0.01841135 0
-0.2433469 0.6176009 0.04661949 1

-0.006842773 -0.2577536 0.9661866 0
-0.9806297 -0.1874122 -0.05694151 0
0.1957519 -0.947861 -0.2514783 0
-0.1600153 0.7016956 -0.4381325 1

0.7464103 -0.6633335 -0.05348492 0
0.6027657 0.6398147 0.4767712 0
-0.2820379 -0.388106 0.8773988 0
-0.2157483 0.6500142 -0.4489626 1

0.5490583 -0.8320706 -0.07870115 0
0.8264599 0.5264938 0.1994217 0
-0.1244972 -0.1745376 0.9767485 0
-0.2367221 0.6300792 -0.3691936 1

0.9385388 0.0628392 -0.3394068 0
0.2371585 0.5970592 0.7663395 0
0.2508021 -0.7997325 0.5454603 0
-0.2165496 0.6761719 -0.01288129 1

0.9233465 -0.07463076 -0.3766459 0
-0.3538967 0.2151377 -0.9102051 0
0.1489602 0.9737281 0.1722349 0
-0.2575814 0.6634966 -0.07652222 1

0.8925859 0.08548559 0.4426997 0
0.450173 -0.1140799 -0.8856245 0
-0.02520483 0.9897869 -0.1403094 0
-0.2567674 0.5787719 -0.08115362 1

-0.9999783 0.006634838 0.000200169 0
0.006637726 0.9997364 0.02199127 0
-5.414244E-05 0.0219921 -0.9997582 0
-0.2211947 0.6377215 0.02792615 1

0.07828538 -0.2754399 0.9581257 0
-0.9947647 -0.0849089 0.05686993 0
0.06568924 -0.9575615 -0.2806449 0
-0.1605312 0.7204688 -0.5108187 1

-0.008360464 -0.94566 -0.3250504 0
0.936435 -0.1214208 0.3291607 0
-0.3507421 -0.3016369 0.8865641 0
-0.2845238 0.7007336 -0.4538453 1

-0.2115503 -0.9283006 -0.3057859 0
0.9654074 -0.2472666 0.0827553 0
-0.1524325 -0.2777011 0.9484972 0
-0.2937488 0.6894197 -0.3657592 1

-0.07576388 -0.8216713 -0.564904 0
0.9909432 0.0009469633 -0.1342802 0
0.1108691 -0.5699613 0.8141574 0
-0.1464631 0.6805233 -0.03943147 1

0.7958966 -0.1324188 0.5907744 0
0.6051121 0.1422072 -0.783337 0
0.01971632 0.9809397 0.1933103 0
-0.1826873 0.664063 -0.1179581 1

-0.2897405 -0.01767851 0.9569424 0
0.9569615 0.01202113 0.2899681 0
-0.01662955 0.9997715 0.01343442 0
-0.1776599 0.5838622 -0.05876428 1

0.1316073 -0.3052873 0.9431224 0
-0.99054 -0.07780128 0.1130401 0
0.03886638 -0.949077 -0.3126383 0
-0.1652104 0.7373966 -0.5701793 1

-0.02228978 -0.9531493 -0.3016786 0
0.9431278 -0.1201585 0.3099555 0
-0.3316832 -0.2776127 0.9016196 0
-0.2864617 0.7677295 -0.4363812 1

-0.2161057 -0.9353365 -0.2800792 0
0.9576485 -0.2589596 0.1258967 0
-0.1902851 -0.2410107 0.9516861 0
-0.288605 0.7587652 -0.3480281 1

-0.1224867 -0.84078 -0.5273393 0
0.9829209 -0.02923503 -0.1816936 0
0.1373477 -0.5405877 0.8300005 0
-0.1510116 0.6297396 -0.0745381 1

0.7934417 -0.1056628 0.5994048 0
0.6085707 0.1221425 -0.784043 0
0.009631664 0.9868724 0.1612161 0
-0.1251359 0.65949 -0.0796937 1

-0.290592 0.009347205 0.9568016 0
0.9554241 0.05735916 0.2896131 0
-0.05217411 0.9983101 -0.02559857 0
-0.1879988 0.5859606 0.01221754 1

-1 0 0 0
0 -1.192093E-07 0.9999999 0
0 0.9999999 1.192093E-07 0
0 0 0 1

0.0418781 -0.9690012 0.243481 0
0.1648096 0.2470562 0.9548827 0
-0.9854362 0.0001393354 0.1700468 0
-5.773525E-05 0.4717385 0.0314926 1

0.01746333 -0.9990847 0.03905178 0
0.3380748 0.0426575 0.940152 0
-0.9409574 -0.003215763 0.3385102 0
-0.005565636 0.6092459 -0.0005390662 1

0.03597938 -0.4667906 -0.8836357 0
0.08071417 -0.8799624 0.4681365 0
-0.996088 -0.08816516 0.006016077 0
0.1081595 0.458598 0.009256225 1

0.04669572 0.8991249 -0.435195 0
-0.1384381 -0.425641 -0.89424 0
-0.9892699 0.1020047 0.1045974 0
-0.1094723 0.4586292 0.04681065 1

-0.1089227 -0.9750345 -0.1935039 0
0.560003 -0.2210212 0.7984652 0
-0.8212996 -0.02139181 0.5700962 0
-0.001213728 0.7599281 0.01298933 1

-0.0009315833 -0.9335548 -0.358434 0
0.07680202 -0.3574424 0.9307721 0
-0.9970462 -0.02666133 0.07203183 0
0.1150337 0.3904056 -0.1293699 1

-0.005358757 0.426398 -0.9045202 0
0.1338884 -0.8960831 -0.4232137 0
-0.9909822 -0.1233726 -0.05228793 0
-0.1189421 0.3179727 0.1103795 1

-0.20033 -0.9554036 -0.2169609 0
0.7921147 -0.2882676 0.5380117 0
-0.5765613 -0.06407809 0.8145374 0
0.01741693 0.8892831 0.04468304 1

0.03578393 -0.9437646 -0.3286765 0
-0.160449 -0.3300464 0.9302288 0
-0.9863955 0.01944862 -0.1632364 0
0.1156165 0.2603063 -0.1661349 1

-0.06035992 0.3815988 -0.9223555 0
-0.02278877 -0.9243265 -0.3809226 0
-0.9979168 -0.001973113 0.06448831 0
-0.1196152 0.2716444 0.2373875 1

0.1042538 -0.9945409 -0.004443674 0
0.8103758 0.08235647 0.5800938 0
-0.5765613 -0.06407808 0.8145374 0
0.0262043 1.046442 0.06326646 1

-0.4554482 -0.01431719 0.8901473 0
0.8857613 -0.1077074 0.4514715 0
0.08941169 0.9940797 0.06173668 0
0.07912057 0.8971394 -0.02803305 1

-0.6844931 -0.1123737 0.7203067 0
-0.7288756 0.1251434 -0.6731122 0
-0.01450137 -0.9857544 -0.1675662 0
-0.03078273 0.8849251 0.127233 1

-0.1728603 -0.4053293 0.8976792 0
-0.04014758 0.9135412 0.4047603 0
-0.984128 0.03392736 -0.174188 0
0.1434073 0.2979788 -0.334185 1

-0.0620406 -0.7038959 -0.7075891 0
0.0599871 -0.7103031 0.7013358 0
-0.9962695 0.001065056 0.08629216 0
-0.1215618 0.1036253 0.1904183 1

0.06759298 -0.9835408 -0.1675681 0
0.06875319 -0.1629614 0.9842341 0
-0.9953415 -0.07804808 0.05660646 0
0.006050027 1.326129 0.09459427 1

0.1554743 0.7755851 0.6117974 0
0.9607551 -0.2627536 0.08894284 0
0.2297348 0.5739591 -0.7859983 0
0.1263244 0.8920227 -0.1218475 1

-0.6928474 -0.6602574 0.2898672 0
-0.2747782 -0.1299109 -0.952691 0
0.6666784 -0.7397186 -0.09141589 0
-0.1027003 0.8665689 0.2017073 1

0.8338137 0.3263101 0.4452829 0
0.1227798 -0.8960183 0.4267046 0
0.5382197 -0.3011203 -0.7871763 0
0.1039516 0.7209632 -0.2532993 1

0.0001201052 -0.502993 -0.8642908 0
0.3782647 0.8000946 -0.4655802 0
0.9256978 -0.3268747 0.1903604 0
-0.2495199 0.7251029 0.2756884 1

0.9597888 0.1298654 0.2488795 0
-0.1795695 0.9654754 0.1887133 0
-0.2157798 -0.225816 0.949972 0
-0.1108587 0.6424181 -0.3701286 1

0.004228897 -0.005475997 -0.9999765 0
-0.9995031 0.03122839 -0.004397889 0
0.03125157 0.9994975 -0.005341202 0
-0.2472793 0.6006324 0.05105028 1

-0.01409541 -0.2380773 0.9711444 0
-0.9840271 -0.1690719 -0.05573042 0
0.1774613 -0.9564177 -0.2318914 0
-0.1611992 0.6730605 -0.4350582 1

0.7332174 -0.6789202 -0.03821053 0
0.6142859 0.6372201 0.465407 0
-0.2916257 -0.3647167 0.8842718 0
-0.2179226 0.6222851 -0.4449944 1

0.5326124 -0.8441907 -0.06055055 0
0.8363008 0.5139366 0.1909729 0
-0.1300987 -0.152353 0.9797261 0
-0.2394645 0.604378 -0.3648964 1

0.9418745 0.03503389 -0.3341347 0
0.2446344 0.6101636 0.7535619 0
0.230277 -0.7915011 0.5661264 0
-0.2188607 0.6571868 -0.009637265 1

0.9240329 -0.1029412 -0.3681948 0
-0.3432674 0.2006167 -0.9175627 0
0.1683209 0.9742467 0.15004 0
-0.2597298 0.6438511 -0.07324789 1

0.8912498 0.07737694 0.4468642 0
0.4535013 -0.1446694 -0.8794363 0
-0.00340062 0.9864503 -0.164027 0
-0.2606721 0.5590412 -0.0758535 1

-0.9995956 0.0275599 -0.007058527 0
0.02757311 0.9996185 -0.001787409 0
0.007006651 -0.001981377 -0.9999738 0
-0.2245848 0.6198313 0.0320407 1

0.07068256 -0.2576037 0.9636618 0
-0.9963772 -0.06404003 0.05596351 0
0.04729649 -0.9641265 -0.2611971 0
-0.1611815 0.6903741 -0.5081076 1

-0.02640378 -0.9516572 -0.3060258 0
0.9331099 -0.1332867 0.3339767 0
-0.3586208 -0.2767375 0.8915201 0
-0.2856671 0.6742474 -0.4510737 1

-0.2292514 -0.929895 -0.2876445 0
0.9601253 -0.264613 0.09022336 0
-0.1600129 -0.2554908 0.9534783 0
-0.2953099 0.6648928 -0.3628027 1

-0.08934478 -0.8332105 -0.5456909 0
0.9916078 -0.02300684 -0.1272247 0
0.09345045 -0.552478 0.8282728 0
-0.1485244 0.6594332 -0.03578525 1

0.7890118 -0.1348448 0.5993984 0
0.6131325 0.1106978 -0.7821864 0
0.03912158 0.9846642 0.1700193 0
-0.1845686 0.641857 -0.1141526 1

-0.2963572 0.0113304 0.9550104 0
0.955068 -0.001058204 0.2963873 0
0.004368659 0.9999357 -0.0105076 0
-0.1816244 0.5630103 -0.05303067 1

0.1234348 -0.2887965 0.9494002 0
-0.9921367 -0.05588869 0.1119906 0
0.02071825 -0.9557582 -0.2934242 0
-0.1653925 0.7061936 -0.5678079 1

-0.04053079 -0.9583976 -0.2825448 0
0.9398692 -0.1325437 0.3147676 0
-0.3391221 -0.2527974 0.9061401 0
-0.286314 0.7416064 -0.4349628 1

-0.2340024 -0.9363208 -0.2618138 0
0.9520401 -0.2752799 0.1335701 0
-0.1971368 -0.2180015 0.955831 0
-0.2888303 0.7344656 -0.3464535 1

-0.1367071 -0.8504313 -0.5080141 0
0.9832637 -0.05414202 -0.1739615 0
0.1204375 -0.5232934 0.8435992 0
-0.153911 0.6079288 -0.06970344 1

0.7870648 -0.1078441 0.6073712 0
0.6161717 0.09055382 -0.7823895 0
0.02937615 0.9900355 0.1377221 0
-0.1273803 0.6369992 -0.07538248 1

-0.2966377 0.03835668 0.9542199 0
0.9544896 0.04428039 0.2949413 0
-0.0309405 0.9982827 -0.04974627 0
-0.1923849 0.5670254 0.01780589 1

-1 0 0 0
0 -1.192093E-07 0.9999999 0
0 0.9999999 1.192093E-07 0
0 0 0 1

0.04166245 -0.9689869 0.2435744 0
0.163711 0.2471117 0.9550573 0
-0.9856282 8.575094E-05 0.168929 0
-8.412474E-05 0.4231785 0.03153417 1

0.01735813 -0.997362 0.07048274 0
0.3372245 0.07220276 0.9386513 0
-0.9412642 0.007475265 0.3375882 0
-0.005564282 0.560684 -0.0005102495 1

0.0796502 -0.4210882 -0.9035157 0
0.03957119 -0.9043453 0.4249633 0
-0.9960372 -0.06960162 -0.05536833 0
0.108159 0.4100437 0.009421169 1

0.03319936 0.9697124 -0.241984 0
-0.08992672 -0.2382371 -0.967035 0
-0.9953949 0.05386575 0.07929365 0
-0.1095151 0.410063 0.04672873 1

-0.1089557 -0.9836271 -0.143549 0
0.5601706 -0.1800516 0.8085731 0
-0.8211807 0.007686681 0.5706165 0
-0.001214132 0.7117171 0.008274449 1

-0.05121441 -0.994478 0.09160031 0
0.04335668 0.08942013 0.99505 0
-0.9977462 0.05493236 0.03853766 0
0.1219618 0.3489904 -0.1319883 1

0.008297339 0.7310295 -0.6822958 0
0.1614714 -0.6743444 -0.7205464 0
-0.9868425 -0.1041926 -0.1236357 0
-0.1166987 0.2592273 0.08007429 1

-0.1688471 -0.9787076 -0.1167134 0
0.8002228 -0.2052518 0.5634848 0
-0.5754426 0.001746035 0.8178403 0
0.01742214 0.8425189 0.03333209 1

0.002282564 -0.9904996 -0.1374974 0
-0.1618527 -0.1360508 0.9773914 0
-0.9868123 0.02002333 -0.1606255 0
0.1154758 0.2162121 -0.1073772 1

-0.02361447 0.8003066 -0.5991263 0
-0.03400452 -0.5995896 -0.7995851 0
-0.9991426 0.001491225 0.04137294 0
-0.1195958 0.1691467 0.1808456 1

0.1365161 -0.9857627 0.09815898 0
0.8063679 0.1681331 0.5670115 0
-0.5754426 0.00174605 0.8178403 0
0.02107017 1.000959 0.03556064 1

-0.456128 0.06296071 0.8876843 0
0.8880887 -0.03165553 0.458581 0
0.05697272 0.9975138 -0.04147571 0
0.07895111 0.8448186 -0.03991808 1

-0.6816013 -0.05950815 0.7292998 0
-0.7315073 0.03118037 -0.6811201 0
0.01779232 -0.9977406 -0.06478316 0
-0.03073895 0.8451516 0.1159775 1

-0.1748524 -0.3165133 0.9323338 0
-0.02208537 0.947944 0.3176707 0
-0.9843469 0.03495454 -0.1727407 0
0.1428169 0.2193167 -0.2796612 1

-0.05442687 -0.43223 -0.9001197 0
0.02692178 -0.9017634 0.4313915 0
-0.9981548 -0.0007535328 0.06071648 0
-0.1242444 0.04872872 0.05468564 1

0.08397001 -0.982946 -0.1636041 0
0.08193745 -0.1568169 0.984223 0
-0.9930938 -0.0960505 0.06737214 0
-0.003935494 1.280377 0.06577384 1

0.09573039 0.7910018 0.6042778 0
0.9672858 -0.2172017 0.1310792 0
0.2349341 0.571961 -0.7859176 0
0.1264423 0.8315704 -0.1327871 1

-0.7128798 -0.6032339 0.3576466 0
-0.2973025 -0.2019279 -0.933186 0
0.6351483 -0.7715786 -0.03539267 0
-0.1021382 0.8322639 0.1920801 1

0.8951137 0.2039251 0.3964673 0
0.03068812 -0.9153351 0.4015222 0
0.444781 -0.3472411 -0.8255868 0
0.1170851 0.6577074 -0.2621152 1

-0.00636211 -0.4971179 -0.8676596 0
0.4008671 0.7936396 -0.4576481 0
0.9161141 -0.3507278 0.1942288 0
-0.2530318 0.7039945 0.2805108 1

0.9613917 0.1156456 0.2497041 0
-0.1615275 0.9717937 0.1718332 0
-0.2227894 -0.2055332 0.9529542 0
-0.1129268 0.6106988 -0.3662626 1

0.006956604 -0.02673948 -0.9996182 0
-0.998547 0.05323634 -0.008373113 0
0.05344002 0.9982239 -0.02633029 0
-0.2523227 0.5809931 0.05505242 1

-0.02143911 -0.2212964 0.9749714 0
-0.9869301 -0.1511065 -0.05599947 0
0.159717 -0.963429 -0.2151645 0
-0.1624837 0.6411969 -0.4318594 1

0.7201461 -0.6933928 -0.02442475 0
0.6250822 0.6331182 0.4565457 0
-0.3011018 -0.344047 0.889365 0
-0.2201434 0.5913568 -0.4411182 1

0.5164678 -0.8551441 -0.0446123 0
0.8454704 0.5009773 0.1849368 0
-0.135798 -0.1332323 0.9817376 0
-0.242254 0.5752236 -0.3607986 1

0.9433683 0.007102227 -0.3316718 0
0.255966 0.6204193 0.741324 0
0.2110406 -0.7842384 0.5834658 0
-0.2224833 0.6356073 -0.00672056 1

0.9225662 -0.1311345 -0.3628716 0
-0.3361139 0.1886905 -0.922726 0
0.1894717 0.9732417 0.1300032 0
-0.2634568 0.6218353 -0.07017081 1

0.8914699 0.06708161 0.448087 0
0.4526837 -0.1732563 -0.874677 0
0.01895922 0.9825896 -0.1848194 0
-0.2662735 0.5370308 -0.07098904 1

-0.9987134 0.04951533 -0.01095605 0
0.049755 0.9985014 -0.02279205 0
0.00981121 -0.0233079 -0.9996802 0
-0.2291537 0.5992784 0.03571728 1

0.0629693 -0.2425673 0.9680894 0
-0.9975792 -0.04398227 0.05386741 0
0.02951239 -0.9691375 -0.2447496 0
-0.1619248 0.6572685 -0.50519 1

-0.04380651 -0.9560187 -0.2900164 0
0.9294201 -0.1454694 0.339142 0
-0.3664146 -0.2546904 0.8949156 0
-0.2868596 0.6444972 -0.4482882 1

-0.2462502 -0.9300663 -0.2726496 0
0.9546031 -0.2813951 0.09772488 0
-0.1676129 -0.2362074 0.9571378 0
-0.2969324 0.636824 -0.3599032 1

-0.1062578 -0.8423964 -0.5282781 0
0.9912111 -0.04763075 -0.1234192 0
0.07880558 -0.5367494 0.8400534 0
-0.1520402 0.6357426 -0.0326765 1

0.7841128 -0.1395487 0.6047257 0
0.6176648 0.08051795 -0.7823091 0
0.06047904 0.9869362 0.1493294 0
-0.1882421 0.6173129 -0.1107747 1

-0.2987535 0.03810285 0.9535695 0
0.9539602 -0.01591486 0.2995115 0
0.02658822 0.9991472 -0.031594 0
-0.1872226 0.5397323 -0.04799284 1

0.1151529 -0.2750019 0.9545231 0
-0.9933429 -0.03496679 0.1097625 0
0.003191929 -0.9608079 -0.2771977 0
-0.1656607 0.6721532 -0.5651617 1

-0.05812735 -0.9620889 -0.26647 0
0.9362468 -0.1451812 0.3199445 0
-0.3465017 -0.2308843 0.9091918 0
-0.2862584 0.7121191 -0.4333178 1

-0.2511976 -0.9359619 -0.2467294 0
0.946191 -0.2911701 0.1412195 0
-0.2040165 -0.1979792 0.95874 0
-0.2891642 0.7065266 -0.344709 1

-0.1540978 -0.8577635 -0.4904037 0
0.9823113 -0.07955635 -0.1695159 0
0.1063899 -0.5078512 0.8548499 0
-0.1584717 0.5836635 -0.06551781 1

0.7827429 -0.1123488 0.6121203 0
0.6202567 0.06031208 -0.782077 0
0.05094725 0.9918368 0.1168937 0
-0.1312864 0.6120129 -0.07172108 1

-0.2984319 0.06510594 0.9522078 0
0.9543921 0.0293847 0.297107 0
-0.008636799 0.9974457 -0.07090595 0
-0.1980932 0.5454834 0.02270704 1

-1 0 0 0
0 -1.192093E-07 0.9999999 0
0 0.9999999 1.192093E-07 0
0 0 0 1

0.04177177 -0.9689881 0.2435505 0
0.1641218 0.2471067 0.954988 0
-0.9855552 8.038647E-05 0.1693542 0
-9.078346E-05 0.3731214 0.03150997 1

0.01735964 -0.9951632 0.09668779 0
0.3378329 0.09685317 0.9362096 0
-0.9410459 0.01641203 0.3378802 0
-0.005585366 0.5106271 -0.0005312586 1

0.1400326 -0.4993614 -0.8550022 0
0.0127518 -0.8625293 0.5058461 0
-0.9900647 -0.08173781 -0.1144145 0
0.1081429 0.3599873 0.009350191 1

0.02528942 0.9916692 -0.1263031 0
-0.01429506 -0.1259719 -0.9919307 0
-0.9995779 0.02689083 0.01099025 0
-0.1095151 0.3600054 0.04675165 1

-0.1091705 -0.9880591 -0.1087232 0
0.5609177 -0.1515332 0.8138851 0
-0.8206418 0.02786754 0.5707629 0
-0.001222899 0.6618387 0.00427391 1

-0.1242051 -0.843094 0.5232259 0
0.04753247 0.5216482 0.8518354 0
-0.9911174 0.1306725 -0.02471706 0
0.1313855 0.286674 -0.1248123 1

0.008893814 0.9382465 -0.345853 0
0.2321075 -0.3383574 -0.9119431 0
-0.9726495 -0.07216449 -0.2207834 0
-0.1151552 0.2062174 0.06199391 1

-0.154514 -0.9862627 -0.05840383 0
0.8037868 -0.1598598 0.5730371 0
-0.5745016 0.041598 0.8174457 0
0.01744757 0.7934396 0.02469285 1

-0.03552013 -0.9941052 0.1024356 0
-0.1537334 0.1067155 0.9823328 0
-0.9874736 0.01914475 -0.1566178 0
0.1151439 0.1796163 -0.04386386 1

-0.002245601 0.9813191 -0.1923735 0
-0.02116007 -0.1923775 -0.9810927 0
-0.9997736 0.001867467 0.02119682 0
-0.1192677 0.08406297 0.1197794 1

0.1511575 -0.9761372 0.1559072 0
0.8044248 0.2131321 0.5545045 0
-0.5745016 0.04159804 0.8174457 0
0.01875944 0.951771 0.01755769 1

-0.4560268 0.1085733 0.8833185 0
0.888965 0.008508746 0.4578958 0
0.04219944 0.9940519 -0.1003982 0
0.07885492 0.792312 -0.04868669 1

-0.679843 -0.0263286 0.7328848 0
-0.7326396 -0.01982776 -0.6803278 0
0.03244346 -0.9994565 -0.00580956 0
-0.03065577 0.8002414 0.1071337 1

-0.1741139 -0.1979301 0.9646285 0
-0.0007382408 0.9796171 0.2008724 0
-0.9847253 0.03426249 -0.1707111 0
0.1402962 0.1405885 -0.2120415 1

-0.03723253 -0.1495365 -0.9880548 0
0.009453099 -0.9887488 0.1492853 0
-0.9992619 -0.00378193 0.03822725 0
-0.1221323 0.03044451 -0.04622112 1

0.09054802 -0.9845197 -0.1500719 0
0.09071748 -0.1419104 0.9857138 0
-0.9917517 -0.1028687 0.07646354 0
-0.00823242 1.231392 0.04393454 1

0.05674152 0.7864951 0.6149843 0
0.9667611 -0.1970973 0.1628668 0
0.249306 0.5853016 -0.7715365 0
0.1264338 0.7743009 -0.1407051 1

-0.7371421 -0.5209482 0.4303887 0
-0.3488727 -0.2520687 -0.9026344 0
0.5787134 -0.8155206 0.004065818 0
-0.1017729 0.7908242 0.184005 1

0.9344858 0.05519155 0.3516962 0
-0.08051396 -0.9295471 0.3598054 0
0.3467766 -0.3645495 -0.8642048 0
0.1255143 0.6016504 -0.271978 1

0.0001668269 -0.4548446 -0.8905708 0
0.429999 0.804066 -0.4105833 0
0.9028293 -0.3828758 0.1957167 0
-0.2573144 0.6809654 0.2878304 1

0.9619842 0.1089986 0.2504109 0
-0.1531059 0.9745078 0.1639927 0
-0.2261526 -0.1960978 0.9541495 0
-0.113955 0.5929152 -0.3643865 1

0.008699898 -0.03371545 -0.9993935 0
-0.9978073 0.06528509 -0.0108883 0
0.06561295 0.9972966 -0.03307366 0
-0.254759 0.5688805 0.05676611 1

-0.02498699 -0.2134864 0.9766268 0
-0.9881507 -0.1427184 -0.05647924 0
0.15144 -0.9664654 -0.2073907 0
-0.1631316 0.6233422 -0.4303018 1

0.713954 -0.699966 -0.01781759 0
0.6299838 0.6310512 0.4526531 0
-0.3055981 -0.3343984 0.8915088 0
-0.2212197 0.5739483 -0.4392692 1

0.5088699 -0.8600442 -0.0370876 0
0.8496183 0.4948334 0.1824518 0
-0.1385646 -0.1243545 0.9825152 0
-0.2436029 0.5586401 -0.3588637 1

0.9440693 -0.0066285 -0.3296812 0
0.261947 0.6223669 0.7375931 0
0.2002934 -0.7826977 0.5892937 0
-0.2241308 0.6227014 -0.005316272 1

0.9216546 -0.1448145 -0.3599752 0
-0.3318875 0.1863851 -0.9247224 0
0.2010074 0.9717454 0.1237204 0
-0.2651371 0.6089901 -0.0687585 1

0.8912894 0.05935248 0.4495334 0
0.4523555 -0.1847627 -0.8724893 0
0.03127284 0.9809891 -0.1915254 0
-0.2689819 0.5242226 -0.06900004 1

-0.9980136 0.06154871 -0.01344601 0
0.06192422 0.9976434 -0.02954536 0
0.01159607 -0.03031929 -0.999473 0
-0.2313297 0.5867496 0.03735573 1

0.05923858 -0.2355635 0.9700522 0
-0.998018 -0.03464987 0.05253263 0
0.02123735 -0.9712414 -0.2371491 0
-0.1623109 0.6388358 -0.5037541 1

-0.05188826 -0.9578218 -0.2826398 0
0.9275345 -0.1511151 0.3418244 0
-0.370118 -0.2444215 0.8962542 0
-0.2874463 0.6276248 -0.4469647 1

-0.2541195 -0.9299278 -0.2658157 0
0.9518895 -0.2891386 0.1015152 0
-0.1712595 -0.22723 0.9586642 0
-0.2977296 0.6207315 -0.3585396 1

-0.1153867 -0.844669 -0.5227048 0
0.9908128 -0.06050005 -0.1209549 0
0.07054294 -0.5318593 0.8438895 0
-0.1536377 0.6218033 -0.03112085 1

0.7811073 -0.1448752 0.6073569 0
0.6202146 0.06762272 -0.7815124 0
0.07215095 0.9871364 0.1426742 0
-0.189899 0.6032759 -0.1091682 1

-0.3002413 0.04829945 0.9526398 0
0.9530748 -0.02541859 0.3016668 0
0.03878532 0.9985092 -0.03840135 0
-0.1899516 0.5261235 -0.04585282 1

0.1111519 -0.2685676 0.9568266 0
-0.9937912 -0.02523694 0.1083628 0
-0.004955243 -0.9629305 -0.2697052 0
-0.1658168 0.6532852 -0.5638461 1

-0.06630071 -0.96358 -0.2590711 0
0.9343945 -0.1510376 0.3226367 0
-0.3500161 -0.2206835 0.9103781 0
-0.2862645 0.6953534 -0.43252 1

-0.2591611 -0.9355766 -0.2398586 0
0.9433203 -0.2984987 0.1450704 0
-0.2073222 -0.188667 0.9599078 0
-0.2893628 0.6904782 -0.3438755 1

-0.163488 -0.859193 -0.4848289 0
0.9816214 -0.09263255 -0.1668502 0
0.09844548 -0.5031965 0.8585465 0
-0.1606333 0.5695807 -0.0636173 1

0.7800524 -0.1176103 0.6145616 0
0.6225603 0.04738882 -0.7811359 0
0.06274646 0.9919285 0.1101853 0
-0.1330928 0.5975549 -0.06995665 1

-0.2995892 0.07528672 0.9510935 0
0.9540617 0.01985475 0.2989519 0
0.003623605 0.9969641 -0.07777641 0
-0.2008979 0.5324934 0.0247823 1

-1 0 0 0
0 -1.192093E-07 0.9999999 0
0 0.9999999 1.192093E-07 0
0 0 0 1

0.04191411 -0.9689901 0.2435183 0
0.1641919 0.2470991 0.9549779 0
-0.9855375 -4.329317E-05 0.1694573 0
-0.0001200801 0.3402087 0.03150588 1

0.01736911 -0.9940367 0.1076533 0
0.3379986 0.1071683 0.9350249 0
-0.9409863 0.02014614 0.3378445 0
-0.005634597 0.4777147 -0.0005308192 1

0.1988931 -0.6612504 -0.7233184 0
-0.01383652 -0.7398851 0.6725909 0
-0.9799235 -0.1237655 -0.1563075 0
0.1081129 0.3270883 0.009334409 1

0.02436768 0.9831449 0.1811982 0
-0.0462938 0.1821673 -0.9821774 0
-0.9986306 0.01554507 0.04995245 0
-0.1095413 0.3270791 0.04675863 1

-0.1093954 -0.9885862 -0.1035845 0
0.5604447 -0.1474105 0.8149673 0
-0.8209352 0.03110034 0.5701739 0
-0.001270136 0.6289701 0.002605755 1

-0.1964154 -0.5359241 0.8211008 0
0.07767043 0.8262776 0.5578825 0
-0.9774397 0.173352 -0.1206681 0
0.1405521 0.2282897 -0.1051261 1

0.01259229 0.9586885 -0.2841799 0
0.1916538 -0.2812472 -0.9403027 0
-0.9813818 -0.04262355 -0.1872779 0
-0.115176 0.1759253 0.01457631 1

-0.1644341 -0.9839686 -0.06904463 0
0.8014458 -0.1740812 0.5721714 0
-0.575018 0.03874894 0.8172224 0
0.01742715 0.7606712 0.02234238 1

-0.06911623 -0.9362083 0.3445826 0
-0.1339121 0.3509893 0.9267547 0
-0.98858 0.01791001 -0.1496287 0
0.1149529 0.1663548 0.0122901 1

0.001405444 0.9999861 -0.00511296 0
-0.01109253 -0.005097031 -0.9999257 0
-0.9999374 0.001462071 0.01108518 0
-0.119023 0.05033385 0.06447382 1

0.1410703 -0.9792206 0.1456907 0
0.8058867 0.1990606 0.5576032 0
-0.575018 0.03874898 0.8172224 0
0.02035233 0.919048 0.01689111 1

-0.4559484 0.1038154 0.8839305 0
0.8884628 -0.005373294 0.4589172 0
0.05239229 0.9945819 -0.08978622 0
0.07890675 0.7596992 -0.05097884 1

-0.6809422 -0.02720341 0.7318316 0
-0.731997 -0.005170562 -0.6812879 0
0.02231736 -0.9996164 -0.01639199 0
-0.03070237 0.7670856 0.104799 1

-0.1679392 -0.05374629 0.9843311 0
0.02282476 0.9980332 0.05838862 0
-0.9855331 0.03227291 -0.1663821 0
0.1359743 0.0861992 -0.1412504 1

-0.02701417 -0.01341501 -0.9995453 0
0.006036509 -0.9998942 0.01325646 0
-0.9996169 -0.005675626 0.0270923 0
-0.1202194 0.02877454 -0.108651 1

0.08577152 -0.9872248 -0.1342779 0
0.0870066 -0.1268376 0.9881002 0
-0.9925085 -0.09643391 0.07501593 0
-0.005211123 1.19919 0.03877855 1

0.04498946 0.7613817 0.6467407 0
0.9604213 -0.211111 0.1817224 0
0.2748942 0.612968 -0.7407449 0
0.1264096 0.7421836 -0.1431321 1

-0.7595836 -0.4448912 0.4744518 0
-0.4046515 -0.2478499 -0.8802428 0
0.5092051 -0.8606057 0.008236752 0
-0.1020022 0.7575753 0.1814893 1

0.943575 -0.07286652 0.3230434 0
-0.1767976 -0.9356835 0.305351 0
0.2800166 -0.3452349 -0.8957698 0
0.1279606 0.5748073 -0.2810609 1

0.02386701 -0.3831653 -0.9233714 0
0.4584121 0.8250031 -0.330497 0
0.8884192 -0.4153965 0.1953378 0
-0.2617481 0.6641387 0.2945943 1

0.9613943 0.1134866 0.2506824 0
-0.1600021 0.97171 0.173722 0
-0.2238757 -0.207125 0.9523544 0
-0.1132786 0.5989887 -0.3657939 1

0.009958511 -0.02902391 -0.9995291 0
-0.9981575 0.05954329 -0.01167366 0
0.0598542 0.9978039 -0.0283774 0
-0.2529415 0.5705817 0.05557778 1

-0.02256959 -0.2232776 0.9744936 0
-0.9871429 -0.1493049 -0.05707141 0
0.1582393 -0.9632527 -0.2170371 0
-0.1627329 0.6297072 -0.4313654 1

0.7189806 -0.6945692 -0.02530754 0
0.6258085 0.6311032 0.4583367 0
-0.302375 -0.3453731 0.8884181 0
-0.2204702 0.5799848 -0.4407719 1

0.5150424 -0.8559304 -0.04598669 0
0.8461807 0.499149 0.1866245 0
-0.1367834 -0.1350325 0.9813543 0
-0.2426703 0.5637232 -0.3605027 1

0.9444418 0.0003811959 -0.3286783 0
0.2575429 0.6204453 0.740756 0
0.2042094 -0.7842499 0.585876 0
-0.2225605 0.6248671 -0.006220933 1

0.9228624 -0.1377904 -0.3596372 0
-0.3319807 0.1887474 -0.9242095 0
0.195228 0.9723109 0.1284441 0
-0.263419 0.6112128 -0.06977075 1

0.890451 0.06243612 0.4507757 0
0.4543486 -0.1780815 -0.8728428 0
0.02577793 0.982033 -0.1869403 0
-0.266771 0.5264263 -0.07040959 1

-0.9983393 0.05581763 -0.01424903 0
0.05615982 0.9981126 -0.02485147 0
0.0128351 -0.02561062 -0.9995894 0
-0.2295958 0.5886764 0.036276 1

0.06180768 -0.2446784 0.9676324 0
-0.9976943 -0.04239025 0.05300902 0
0.02804805 -0.9686775 -0.2467341 0
-0.1620898 0.6459295 -0.504662 1

-0.04521343 -0.95534 -0.2920299 0
0.9289083 -0.147758 0.3395544 0
-0.3675398 -0.2559167 0.8941035 0
-0.2870901 0.6332537 -0.4478829 1

-0.2476259 -0.929078 -0.2747652 0
0.9540459 -0.2832263 0.09787571 0
-0.168755 -0.2379021 0.9565166 0
-0.2972443 0.6254148 -0.3595218 1

-0.1099225 -0.8428885 -0.5267413 0
0.9912754 -0.05418679 -0.1201533 0
0.07273345 -0.5353534 0.8414906 0
-0.152036 0.6244978 -0.03195251 1

0.781289 -0.1431581 0.6075302 0
0.6206421 0.07484872 -0.7805133 0
0.06626413 0.9868656 0.1473286 0
-0.188106 0.6061229 -0.1101245 1

-0.3015299 0.04213262 0.9525255 0
0.9528849 -0.02128752 0.302585 0
0.03302566 0.9988852 -0.03372858 0
-0.1877778 0.5286784 -0.04716757 1

0.1139463 -0.2771738 0.9540392 0
-0.9934856 -0.03349784 0.1089258 0
0.001766868 -0.960236 -0.2791851 0
-0.165754 0.6609447 -0.5646056 1

-0.05956271 -0.9614344 -0.2685074 0
0.9357505 -0.1474418 0.3203628 0
-0.3475972 -0.2321743 0.9084443 0
-0.2863851 0.7008434 -0.432772 1

-0.2526033 -0.9350188 -0.2488611 0
0.9455836 -0.293077 0.1413435 0
-0.2050944 -0.1996153 0.9581703 0
-0.2893689 0.6950724 -0.3441774 1

-0.1579789 -0.8578671 -0.4889856 0
0.9823196 -0.08615859 -0.1662071 0
0.1004534 -0.5065976 0.8563108 0
-0.1586935 0.572387 -0.06469835 1

0.7800682 -0.1159335 0.61486 0
0.623105 0.05462742 -0.7802281 0
0.0568666 0.9917536 0.1148519 0
-0.1313093 0.6005498 -0.07087792 1

-0.3010327 0.06913008 0.9511049 0
0.9536116 0.02400302 0.3000813 0
-0.00208449 0.9973188 -0.07314872 0
-0.198836 0.5346567 0.02348437 1

-1 0 0 0
0 -1.192093E-07 0.9999999 0
0 0.9999999 1.192093E-07 0
0 0 0 1

0.0418973 -0.9689945 0.243504 0
0.1641942 0.2470822 0.9549819 0
-0.9855379 -2.922647E-05 0.1694553 0
-9.713043E-05 0.3381155 0.03149706 1

0.0174618 -0.9951656 0.09664657 0
0.337839 0.09684874 0.9362078 0
-0.9410421 0.01630309 0.3378969 0
-0.005609267 0.4756221 -0.0005376181 1

0.2489223 -0.8658959 -0.4338916 0
-0.05124794 -0.459141 0.886884 0
-0.9671667 -0.1985291 -0.1586658 0
0.1081356 0.3249936 0.009325608 1

0.03995918 0.743916 0.6670773 0
-0.06881432 0.6680744 -0.7409057 0
-0.996829 -0.0162985 0.07788776 0
-0.1095186 0.3249875 0.04674939 1

-0.1090627 -0.9856871 -0.1285549 0
0.5596603 -0.1677696 0.8115625 0
-0.8215144 0.01656415 0.5699472 0
-0.001261992 0.626834 0.004273697 1

-0.2601018 -0.08865629 0.9615024 0
0.1237981 0.9844958 0.1242658 0
-0.9576122 0.1513539 -0.2450937 0
0.1484489 0.1934701 -0.06132198 1

-0.003104113 0.9313198 -0.3641894 0
0.1372271 -0.360349 -0.9226686 0
-0.9905348 -0.05284075 -0.1266838 0
-0.1176579 0.2128654 -0.05944514 1

-0.1869642 -0.9735646 -0.1312114 0
0.795515 -0.2284114 0.5612347 0
-0.5763685 0.0005500832 0.8171898 0
0.01738501 0.7580002 0.02733919 1

-0.1016373 -0.7717982 0.6276918 0
-0.09886981 0.6356723 0.7656013 0
-0.9898964 0.01575384 -0.1409156 0
0.1147675 0.1937534 0.06961054 1

-0.004164249 0.9780852 -0.2081638 0
-0.02470399 -0.2082027 -0.9777737 0
-0.9996863 0.001070772 0.02502958 0
-0.1187364 0.09193488 0.0009899769 1

0.117935 -0.9894752 0.08384628 0
0.8086352 0.1447017 0.5702373 0
-0.5763685 0.000550113 0.8171898 0
0.02399172 0.9162945 0.03189238 1

-0.4560212 0.05849278 0.8880446 0
0.8867466 -0.05497373 0.4589754 0
0.07566592 0.9967731 -0.02679913 0
0.07904104 0.7602195 -0.04580652 1

-0.6835395 -0.05740549 0.7276527 0
-0.7299132 0.05482406 -0.6813376 0
-0.000780452 -0.9968445 -0.0793753 0
-0.03082546 0.7603244 0.109965 1

-0.1542569 0.1781074 0.9718447 0
0.05490734 0.9836434 -0.1715545 0
-0.986504 0.02689791 -0.1615133 0
0.1290242 0.06760851 -0.05015332 1

-0.04057297 -0.2163116 -0.9754808 0
0.01171602 -0.9763208 0.2160107 0
-0.999108 -0.002664562 0.04214651 0
-0.1221752 0.03564055 -0.1641155 1

0.07460424 -0.9881918 -0.1338339 0
0.07605436 -0.1281787 0.9888307 0
-0.9943088 -0.0839496 0.06559349 0
0.001772336 1.196728 0.053619 1

0.04293788 0.7324347 0.6794818 0
0.9548877 -0.2301182 0.1877104 0
0.2938468 0.6407689 -0.7092736 0
0.1263965 0.7474449 -0.1388107 1

-0.7780387 -0.4231334 0.4643424 0
-0.4227811 -0.1940358 -0.8852153 0
0.4646631 -0.885047 -0.02792534 0
-0.1025516 0.7476628 0.1857973 1

0.9390359 -0.1090924 0.3260535 0
-0.2021337 -0.942297 0.2668681 0
0.278126 -0.3165051 -0.9069015 0
0.1283267 0.5861142 -0.2837597 1

0.05006723 -0.3158772 -0.9474779 0
0.4713184 0.8438627 -0.2564275 0
0.880541 -0.4337251 0.1911286 0
-0.266081 0.6583053 0.2967714 1

0.9601454 0.12436 0.2503114 0
-0.1749608 0.965817 0.1912772 0
-0.2179678 -0.2274486 0.9490826 0
-0.1115972 0.6196365 -0.369041 1

0.003708247 -0.01074679 -0.9999353 0
-0.9990157 0.04416356 -0.004179504 0
0.0442057 0.9989668 -0.01057261 0
-0.2504724 0.5821368 0.05200046 1

-0.01637109 -0.2407772 0.9704427 0
-0.9847957 -0.1639965 -0.05730234 0
0.1729462 -0.9566255 -0.2344315 0
-0.1617113 0.6507151 -0.4339381 1

0.7298629 -0.6824608 -0.03934259 0
0.6169363 0.632813 0.4679081 0
-0.2944326 -0.3657805 0.8829013 0
-0.2186762 0.6002522 -0.4440824 1

0.5284606 -0.8466635 -0.06237749 0
0.8386406 0.509207 0.1933678 0
-0.1319546 -0.1544996 0.9791417 0
-0.240397 0.5822242 -0.3640599 1

0.9420991 0.02107349 -0.3346723 0
0.2528635 0.6108624 0.7502716 0
0.2202496 -0.7914565 0.5701641 0
-0.2213504 0.6380006 -0.008992453 1

0.9224547 -0.1168344 -0.3680048 0
-0.3410495 0.200262 -0.9184664 0
0.1810059 0.9727514 0.1448861 0
-0.2624174 0.6248643 -0.07251697 1

0.8923786 0.06814306 0.4461138 0
0.4511921 -0.1551237 -0.8788415 0
0.009315941 0.9855422 -0.1691747 0
-0.2644604 0.5400614 -0.07467924 1

-0.9991572 0.04048285 -0.00682099 0
0.0405307 0.9991538 -0.007018044 0
0.006531097 -0.00728856 -0.9999518 0
-0.2275395 0.6009403 0.03288217 1

0.06831682 -0.2607052 0.9629985 0
-0.9967465 -0.05922374 0.05467795 0
0.04277746 -0.9636006 -0.2639031 0
-0.1615254 0.6682371 -0.5069377 1

-0.03080946 -0.9506355 -0.3087774 0
0.9320589 -0.1388977 0.3346257 0
-0.3609956 -0.2774889 0.8903272 0
-0.2861537 0.6525693 -0.4500878 1

-0.2335664 -0.9279135 -0.2905582 0
0.9586911 -0.2696604 0.09052753 0
-0.1623536 -0.2574114 0.9525654 0
-0.295942 0.6430109 -0.3618547 1

-0.1003856 -0.8348171 -0.541298 0
0.9911684 -0.03652695 -0.1274813 0
0.08665164 -0.5493149 0.8311105 0
-0.1510025 0.6391982 -0.03517861 1

0.7874661 -0.1419363 0.5997931 0
0.6141644 0.09865567 -0.7829874 0
0.05196146 0.9849475 0.1648601 0
-0.1873068 0.6216823 -0.1134394 1

-0.2957561 0.02015423 0.9550508 0
0.9551069 -0.01189694 0.2960243 0
0.01732842 0.9997263 -0.01573087 0
-0.1853576 0.5431241 -0.05190763 1

0.1209286 -0.2921202 0.9487057 0
-0.9925281 -0.05125378 0.1107328 0
0.01627744 -0.9550076 -0.2961355 0
-0.1655905 0.6842479 -0.5665969 1

-0.04499617 -0.9573724 -0.2853315 0
0.938843 -0.1381337 0.3154263 0
-0.3413941 -0.2536883 0.9050373 0
-0.2864825 0.7198843 -0.433785 1

-0.2383784 -0.9343892 -0.2647512 0
0.9505044 -0.2804106 0.1338346 0
-0.1992926 -0.2197441 0.9549847 0
-0.2891337 0.7125035 -0.3452993 1

-0.1479503 -0.8512255 -0.5035138 0
0.9824004 -0.06779484 -0.1740515 0
0.1140216 -0.5204033 0.8462741 0
-0.1570717 0.5875918 -0.06882533 1

0.7858728 -0.1148714 0.6076253 0
0.616942 0.0784733 -0.7830865 0
0.04227201 0.9902762 0.1325389 0
-0.1301688 0.6162857 -0.07466625 1

-0.2956865 0.04717748 0.9541194 0
0.9551155 0.03343727 0.2943417 0
-0.01801683 0.9983268 -0.05494688 0
-0.1960333 0.5476478 0.01891105 1

-1 0 0 0
0 -1.192093E-07 0.9999999 0
0 0.9999999 1.192093E-07 0
0 0 0 1

0.04206681 -0.9690013 0.2434473 0
