MeshAnim
1
20
42
30
-1 0 0 0
0 -1.192093E-07 0.9999999 0
0 0.9999999 1.192093E-07 0
0 0 0 1

0.04289222 -0.9690148 0.2432496 0
0.168268 0.2470023 0.9542933 0
-0.9848077 -6.167469E-07 0.1736487 0
-1.331791E-07 0.4893295 0.01821194 1

0.04563013 -0.9958662 0.07853893 0
0.3389632 0.08939157 0.9365431 0
-0.9396925 -0.01611275 0.3416409 0
-0.005642733 0.6268387 -0.0137885 1

0.01694074 -0.3719271 -0.9281074 0
0.1229444 -0.9204217 0.3710912 0
-0.992269 -0.1203921 0.0301337 0
0.1081367 0.4762047 -0.004420998 1

0.05372128 0.5516347 -0.8323541 0
-0.2061936 -0.809465 -0.5497733 0
-0.9770355 0.2011606 0.07025801 0
-0.1093562 0.4762049 0.03392888 1

-0.05942573 -0.9868181 -0.1505277 0
0.5704902 -0.1573155 0.8060973 0
-0.8191518 -0.03797165 0.5723185 0
-0.005495836 0.7780018 -0.006255213 1

0.01293716 -0.7628877 -0.6464018 0
0.1251606 -0.6401359 0.7579979 0
-0.9920521 -0.09071033 0.0872019 0
0.1118786 0.4229049 -0.1495409 1

-0.0211219 0.05413909 -0.9983101 0
0.1361735 -0.9890715 -0.05651915 0
-0.9904599 -0.1371372 0.01351869 0
-0.1201853 0.3877635 0.1603242 1

-0.1980603 -0.9484634 -0.2473645 0
0.7948477 -0.3030862 0.5256957 0
-0.5735761 -0.09249751 0.8139132 0
0.00656296 0.9093947 0.0197219 1

0.06562325 -0.8637717 -0.499592 0
-0.1485717 -0.5035484 0.8510967 0
-0.9867219 0.01837349 -0.1613766 0
0.1149777 0.3122889 -0.2272095 1

-0.08761929 -0.2435818 -0.9659145 0
0.03407488 -0.9698091 0.241473 0
-0.9955711 -0.01175575 0.0932739 0
-0.1187785 0.3926914 0.2954224 1

0.1073681 -0.9935214 -0.03724533 0
0.8120854 0.06602537 0.5797913 0
-0.5735761 -0.09249747 0.8139132 0
0.01491894 1.065892 0.04339559 1

-0.4523636 -0.04483567 0.8907058 0
0.8876296 -0.1194945 0.444786 0
0.08649221 0.9918218 0.09385239 0
0.06799327 0.9198202 -0.05290258 1

-0.6816757 -0.1380448 0.7185135 0
-0.7315566 0.1446636 -0.6662565 0
-0.01196947 -0.9798042 -0.1996014 0
-0.04134099 0.9021887 0.1022445 1

-0.1647964 -0.495969 0.852559 0
-0.05714352 0.8677263 0.493747 0
-0.9846711 0.0326495 -0.1713396 0
0.141326 0.3816688 -0.385089 1

-0.04092443 -0.9370396 -0.3468175 0
0.1072079 -0.3492223 0.9308869 0
-0.9933941 0.0009144351 0.1147497 0
-0.1103128 0.2297304 0.3571552 1

-0.04917476 -0.9976474 -0.04776395 0
0.07116584 -0.05120007 0.9961497 0
-0.9962517 0.0455863 0.07351608 0
0.02762483 1.34775 0.04078272 1

0.04993393 0.7896934 0.6114662 0
0.9712034 -0.1811963 0.1546996 0
0.2329607 0.5861332 -0.7760006 0
0.1148929 0.9179209 -0.1469897 1

-0.6647328 -0.6635556 0.3432554 0
-0.3194989 -0.1628275 -0.9334922 0
0.6753156 -0.7301927 -0.1037685 0
-0.1129462 0.8811783 0.1763173 1

0.8676937 0.2750854 0.4140479 0
0.1075566 -0.9170902 0.3838973 0
0.4853238 -0.2885718 -0.8253406 0
0.1155 0.7447647 -0.2775967 1

0.0381831 -0.4799625 -0.8764579 0
0.3502 0.8278986 -0.4381141 0
0.9358967 -0.2902069 0.1996946 0
-0.2531512 0.7393851 0.2616351 1

0.9567317 0.1531374 0.2474139 0
-0.2105768 0.9512059 0.2255334 0
-0.2008039 -0.2678745 0.9422956 0
-0.1079207 0.6794952 -0.3861553 1

-0.002680642 0.02817006 -0.9995998 0
-0.9999899 0.003577843 0.002782503 0
0.003654752 0.9995968 0.02816036 0
-0.2413011 0.6209894 0.03403258 1

0.001334369 -0.2740488 0.9617151 0
-0.9781631 -0.2002367 -0.05570169 0
0.2078355 -0.9406397 -0.2683317 0
-0.1597586 0.7107818 -0.449582 1

0.7553784 -0.6517482 -0.06803074 0
0.5959783 0.640136 0.4848049 0
-0.2724219 -0.4067559 0.8719725 0
-0.2148118 0.6585093 -0.4610336 1

0.5602955 -0.8228032 -0.09520891 0
0.8199274 0.5346643 0.2045801 0
-0.1174244 -0.1926896 0.9742087 0
-0.2351271 0.6369408 -0.3815194 1

0.9381688 0.07236952 -0.3385295 0
0.2330383 0.5911185 0.7721868 0
0.255994 -0.8033317 0.5377039 0
-0.2148812 0.6803142 -0.02488727 1

0.8879021 -0.05271019 -0.4570027 0
-0.4372417 0.2121108 -0.8739731 0
0.1430025 0.975823 0.1652867 0
-0.2558151 0.6679882 -0.08865954 1

0.8919106 0.08708352 0.4437483 0
0.4510969 -0.1024505 -0.8865754 0
-0.031744 0.9909189 -0.1306596 0
-0.2544381 0.58332 -0.09411657 1

-1 -3.98606E-07 8.754427E-08 0
-4.991889E-07 0.9994962 0.03173871 0
-3.119931E-07 0.03173855 -0.9994964 0
-0.2192792 0.6414378 0.01554216 1

0.08666319 -0.2903946 0.9529745 0
-0.9931964 -0.09987285 0.05988735 0
0.07778537 -0.9516813 -0.2970744 0
-0.1608809 0.7307665 -0.5219375 1

0.003367402 -0.9400793 -0.3409399 0
0.9395893 -0.1137265 0.3228598 0
-0.3422877 -0.3214306 0.8829051 0
-0.2843141 0.7083288 -0.4647501 1

-0.1999524 -0.9259136 -0.3204739 0
0.9691599 -0.2349862 0.07423613 0
-0.1440432 -0.2957467 0.9443439 0
-0.2929636 0.6954052 -0.3768274 1

-0.07019699 -0.8166085 -0.5729079 0
0.990942 0.00882916 -0.1340022 0
0.1144859 -0.5771248 0.8085914 0
-0.1448197 0.6853891 -0.05137514 1

0.8937882 -0.1153546 0.4334008 0
0.4474679 0.1641716 -0.8791021 0
0.03025636 0.9796637 0.1983522 0
-0.1848955 0.670387 -0.1365242 1

-0.2898083 -0.02892981 0.9566476 0
0.9568024 0.0155404 0.290325 0
-0.02326586 0.9994606 0.02317649 0
-0.1753706 0.5887163 -0.07165772 1

0.1403269 -0.3192305 0.9372301 0
-0.9888067 -0.09365266 0.1161503 0
0.05069559 -0.9430386 -0.3287993 0
-0.1660773 0.7486234 -0.580982 1

-0.0103449 -0.9481565 -0.3176357 0
0.946173 -0.1120466 0.3036489 0
-0.3234968 -0.297397 0.8982788 0
-0.287109 0.7749873 -0.4461483 1

-0.2042873 -0.9334447 -0.2948695 0
0.9617693 -0.2475117 0.117208 0
-0.1823909 -0.2596524 0.9483218 0
-0.2887091 0.764508 -0.3579504 1

-0.1167995 -0.8363919 -0.5355436 0
0.9831294 -0.0209417 -0.1817099 0
0.1407658 -0.547732 0.8247272 0
-0.1490242 0.634921 -0.08697648 1

0.8922882 -0.08873847 0.4426595 0
0.4512396 0.1442127 -0.8806737 0
0.01431236 0.9855599 0.1687218 0
-0.1212077 0.6670787 -0.1095031 1

-0.2908391 -0.001910353 0.9567702 0
0.9549642 0.06086855 0.2904116 0
-0.05879202 0.998144 -0.01587851 0
-0.1857374 0.5900539 -0.0006615561 1

-1 0 0 0
0 -1.192093E-07 0.9999999 0
0 0.9999999 1.192093E-07 0
0 0 0 1

0.04271066 -0.9690132 0.2432884 0
0.1675504 0.247009 0.9544178 0
-0.9849381 -7.35868E-07 0.1729084 0
-7.340219E-06 0.4890119 0.01821429 1

0.04556996 -0.9949375 0.08957056 0
0.3382668 0.09973535 0.9357502 0
-0.9399464 -0.01234335 0.3410992 0
-0.005626069 0.6265209 -0.01379132 1

0.01819756 -0.5278689 -0.8491308 0
0.1304592 -0.8407574 0.5254593 0
-0.9912868 -0.120339 0.05356561 0
0.1081465 0.4758871 -0.004337267 1

0.06953989 0.7110162 -0.6997289 0
-0.2095025 -0.6753755 -0.7070905 0
-0.9753324 0.1957659 0.101994 0
-0.1093752 0.4758873 0.03384913 1

-0.05931734 -0.989002 -0.1354864 0
0.569769 -0.1449887 0.8089139 0
-0.8196616 -0.02921332 0.5721028 0
-0.005484513 0.7777581 -0.007928467 1

0.01045552 -0.8220081 -0.5693798 0
0.1352305 -0.5630177 0.815306 0
-0.9907592 -0.08552192 0.1052739 0
0.1120485 0.3981373 -0.1379576 1

-0.03650917 0.03555709 -0.9987007 0
0.1175184 -0.9922801 -0.03962446 0
-0.9923996 -0.1188124 0.03204861 0
-0.1226609 0.3633817 0.139115 1

-0.1910542 -0.956071 -0.2223212 0
0.7962216 -0.2834065 0.5345206 0
-0.574047 -0.07489458 0.8153901 0
0.006554569 0.9095324 0.01604891 1

0.03953577 -0.9302742 -0.3647285 0
-0.1411124 -0.3665539 0.9196334 0
-0.989204 0.01510935 -0.1457652 0
0.1151394 0.2805188 -0.2045478 1

-0.0917839 -0.1331517 -0.9868367 0
0.02327323 -0.991036 0.1315536 0
-0.9955072 -0.01089243 0.09405994 0
-0.1189775 0.3708464 0.2740538 1

0.1143898 -0.9933783 -0.01071074 0
0.8107931 0.08712379 0.5788128 0
-0.574047 -0.07489455 0.8153901 0
0.01377904 1.066658 0.03556718 1

-0.453279 -0.02435668 0.8910359 0
0.8878255 -0.1013784 0.4488746 0
0.07939865 0.9945498 0.06757706 0
0.0680114 0.9184588 -0.05675268 1

-0.6816917 -0.1237204 0.721103 0
-0.7316238 0.1217576 -0.6707471 0
-0.004814781 -0.984819 -0.1735178 0
-0.04141264 0.9041826 0.09867585 1

-0.1571602 -0.3584939 0.920208 0
-0.03110073 0.9331218 0.3582132 0
-0.9870836 0.02767778 -0.157799 0
0.1396584 0.3248029 -0.3715289 1

-0.05051284 -0.8994222 -0.4341528 0
0.1048569 -0.4370813 0.8932889 0
-0.9932038 -0.0004013953 0.1163887 0
-0.112297 0.2019242 0.3171766 1

-0.0446843 -0.9980963 -0.04251097 0
0.06972565 -0.04556565 0.9965251 0
-0.9965651 0.04156493 0.07162882 0
0.02524171 1.348552 0.0314685 1

0.04335787 0.8010885 0.5969734 0
0.9708187 -0.1748527 0.1641277 0
0.2358634 0.5724367 -0.7852929 0
0.1150544 0.9143924 -0.1506995 1

-0.6483892 -0.6702294 0.3610876 0
-0.3276327 -0.1824756 -0.9270162 0
0.6872034 -0.7193714 -0.1012737 0
-0.1129719 0.8846421 0.1731943 1

0.87378 0.2642213 0.4082841 0
0.09293132 -0.9147809 0.393116 0
0.4773602 -0.3055544 -0.8238714 0
0.1170811 0.7388429 -0.2780569 1

0.0243811 -0.4867491 -0.8732015 0
0.3398037 0.8254903 -0.4506657 0
0.9401805 -0.2857293 0.1855255 0
-0.249542 0.7416347 0.2622978 1

0.956682 0.1546835 0.2466433 0
-0.209474 0.9540743 0.2141572 0
-0.2021894 -0.2565458 0.9451476 0
-0.1078169 0.6763493 -0.3851894 1

-0.001032499 0.01960146 -0.9998073 0
-0.9999809 0.006122499 0.001152884 0
0.006144043 0.9997891 0.01959452 0
-0.241296 0.6214816 0.03545717 1

-8.089654E-05 -0.2627752 0.9648571 0
-0.9783848 -0.1995056 -0.05441626 0
0.2067936 -0.9440059 -0.2570791 0
-0.1595427 0.7069638 -0.4490342 1

0.7545295 -0.6535565 -0.05957845 0
0.5963632 0.6449319 0.4779269 0
-0.2739282 -0.3961403 0.8763769 0
-0.2146574 0.6546379 -0.4599331 1

0.5592341 -0.8246446 -0.08496465 0
0.8204627 0.5358742 0.1991988 0
-0.1187379 -0.1811093 0.976269 0
-0.2350883 0.6340301 -0.3801941 1

0.9388821 0.06709763 -0.3376372 0
0.2333176 0.5971309 0.7674618 0
0.2531086 -0.7993327 0.5449804 0
-0.2146329 0.680232 -0.02392687 1

0.8884856 -0.05886652 -0.4551138 0
-0.4353235 0.205708 -0.8764575 0
0.1452145 0.9768414 0.1571424 0
-0.2554974 0.6674628 -0.08765647 1

0.8914275 0.0886379 0.4444107 0
0.4522336 -0.1111884 -0.8849417 0
-0.02902614 0.9898387 -0.1392016 0
-0.2543263 0.5827475 -0.09238507 1

-0.9999958 0.002520524 -0.001598541 0
0.002482805 0.9997286 0.02316777 0
0.00165666 0.02316387 -0.9997303 0
-0.2191932 0.6417151 0.01682733 1

0.08523402 -0.2793418 0.9564013 0
-0.9934002 -0.09777473 0.05997389 0
0.07675871 -0.9552009 -0.2858317 0
-0.1605593 0.7261019 -0.5216199 1

0.002403993 -0.9440092 -0.3299108 0
0.9390822 -0.1112549 0.3251885 0
-0.3436852 -0.3105953 0.8862344 0
-0.2840852 0.7045078 -0.4643078 1

-0.2009173 -0.9293203 -0.3098328 0
0.9687471 -0.2354575 0.0780332 0
-0.1454703 -0.2844714 0.9475834 0
-0.292847 0.6926262 -0.3762493 1

-0.07136285 -0.8213131 -0.5659967 0
0.9911712 0.005181181 -0.1324885 0
0.1117472 -0.5704544 0.8136919 0
-0.1445172 0.6849028 -0.05034523 1

0.8928083 -0.1138855 0.4358023 0
0.4492686 0.1554962 -0.8797606 0
0.03242644 0.9812497 0.1899933 0
-0.1844965 0.669272 -0.1354265 1

-0.2913892 -0.01999215 0.9563958 0
0.9563794 0.01561813 0.2917104 0
-0.02076896 0.9996783 0.01456901 0
-0.175281 0.588137 -0.06984703 1

0.1388738 -0.3084349 0.9410539 0
-0.9890616 -0.09090257 0.1161648 0
0.04971505 -0.9468924 -0.317685 0
-0.1656674 0.7432736 -0.5808748 1

-0.01134451 -0.9517939 -0.3065285 0
0.9456887 -0.1098092 0.3059665 0
-0.3248767 -0.2864096 0.9013462 0
-0.2868059 0.7713834 -0.4464903 1

-0.2052901 -0.9365451 -0.2841468 0
0.9612931 -0.2474689 0.1211408 0
-0.1837713 -0.2482794 0.951097 0
-0.2885152 0.7619393 -0.3581778 1

-0.1180743 -0.8406577 -0.5285386 0
0.9833586 -0.02497795 -0.1799516 0
0.1380761 -0.5409908 0.829617 0
-0.1487934 0.634142 -0.0855192 1

0.8913612 -0.08718738 0.4448301 0
0.452992 0.1355153 -0.881155 0
0.01654428 0.9869317 0.160288 0
-0.12086 0.6660351 -0.1082761 1

-0.2923518 0.007029717 0.9562851 0
0.9546562 0.06094968 0.2914056 0
-0.05623676 0.9981161 -0.02452998 0
-0.1857563 0.5901096 0.001118445 1

-1 0 0 0
0 -1.192093E-07 0.9999999 0
0 0.9999999 1.192093E-07 0
0 0 0 1

0.04232228 -0.9690052 0.2433876 0
0.1659603 0.2470398 0.9546875 0
-0.9852238 -1.194135E-05 0.1712717 0
-3.44119E-05 0.4594584 0.01821846 1

0.04537703 -0.992231 0.1158388 0
0.3367344 0.1243644 0.9333506 0
-0.9405056 -0.003345835 0.3397616 0
-0.005602212 0.5969664 -0.01380049 1

0.02238321 -0.6201633 -0.7841532 0
0.1028752 -0.7787573 0.6188324 0
-0.9944423 -0.09452143 0.04636834 0
0.108157 0.4463347 -0.004152984 1

0.1226845 0.92246 -0.3660827 0
-0.2174385 -0.3349233 -0.9168137 0
-0.9683331 0.1920791 0.1594883 0
-0.1094279 0.4463325 0.03367195 1

-0.0590966 -0.9933289 -0.09902181 0
0.5685695 -0.1150264 0.8145536 0
-0.8205097 -0.008163489 0.5715743 0
-0.005463321 0.7483055 -0.01192576 1

0.009678572 -0.9553647 -0.2952701 0
0.1221556 -0.2919427 0.9486029 0
-0.9924638 -0.04525007 0.1138776 0
0.1128307 0.3540068 -0.1281222 1

-0.09449829 -0.04126484 -0.9946696 0
0.09644921 -0.9948201 0.03210801 0
-0.9908419 -0.09290108 0.09798871 0
-0.1309511 0.3026125 0.08655162 1

-0.1736472 -0.9717415 -0.1598905 0
0.7996716 -0.2338912 0.5530102 0
-0.57478 -0.0318313 0.8176887 0
0.006537544 0.8808751 0.007195201 1

0.007646348 -0.9897271 -0.1427645 0
-0.1139905 -0.1427008 0.9831797 0
-0.9934524 0.00875601 -0.1139106 0
0.1153687 0.2217752 -0.1561629 1

-0.09713719 0.1486835 -0.9841026 0
-0.005276073 -0.9888416 -0.1488786 0
-0.9952571 -0.009269567 0.09683768 0
-0.1192973 0.3204477 0.2200577 1

0.1318487 -0.9897895 0.05414992 0
0.8076162 0.1389355 0.5731081 0
-0.57478 -0.03183125 0.8176888 0
0.01094974 1.03904 0.01645377 1

-0.4551173 0.02565081 0.8900619 0
0.8882885 -0.0562286 0.4558308 0
0.06173948 0.9980883 0.002805247 0
0.06801885 0.8861321 -0.06594237 1

-0.6813027 -0.08858555 0.7266217 0
-0.7318873 0.06489015 -0.6783289 0
0.01293954 -0.9939527 -0.1090445 0
-0.04154488 0.8800645 0.08992434 1

-0.1298442 -0.134282 0.9823995 0
0.0005948916 0.9907764 0.1355056 0
-0.9915342 0.01817898 -0.1285667 0
0.1345224 0.226036 -0.3295017 1

-0.07289308 -0.7738206 -0.6291967 0
0.0956963 -0.6333909 0.7678924 0
-0.9927381 -0.004237888 0.1202215 0
-0.117452 0.1460771 0.2145408 1

-0.03342707 -0.9989737 -0.03056116 0
0.0668401 -0.0327443 0.9972262 0
-0.9972035 0.03129153 0.06786601 0
0.01927407 1.320975 0.008978609 1

0.01380471 0.8153638 0.5787843 0
0.9709653 -0.1491835 0.1870039 0
0.2388214 0.5593979 -0.7937495 0
0.1153723 0.876795 -0.1593557 1

-0.6252664 -0.6614502 0.4141563 0
-0.3527611 -0.2338298 -0.9060261 0
0.6961334 -0.7126059 -0.087128 0
-0.1129451 0.8641505 0.1654511 1

0.9006527 0.2072557 0.3819288 0
0.04536455 -0.9189711 0.3917067 0
0.4321652 -0.3354657 -0.8370759 0
0.1238011 0.6984557 -0.2825049 1

0.004152979 -0.4856195 -0.8741605 0
0.3235307 0.8278049 -0.4583306 0
0.9462086 -0.2809143 0.1605506 0
-0.2442117 0.7236483 0.265801 1

0.9567598 0.1596966 0.243121 0
-0.2096777 0.9579419 0.1959157 0
-0.201609 -0.2384214 0.9500048 0
-0.1077183 0.6506134 -0.3828621 1

-0.001144657 -0.0002866387 -0.9999992 0
-0.9999846 0.005436196 0.00114318 0
0.005436044 0.9999852 -0.0002927333 0
-0.241255 0.6037995 0.03867024 1

0.0005120654 -0.2442065 0.9697233 0
-0.9783469 -0.2008275 -0.05005774 0
0.2069715 -0.9487001 -0.2390215 0
-0.1594878 0.6799802 -0.4472552 1

0.7547145 -0.6543373 -0.04742326 0
0.5963998 0.6541783 0.465143 0
-0.2733374 -0.3793333 0.8839644 0
-0.2145908 0.6274371 -0.4571185 1

0.5594627 -0.8259439 -0.06941704 0
0.8203892 0.5398625 0.1884408 0
-0.118166 -0.1623746 0.9796282 0
-0.234973 0.6083571 -0.3769879 1

0.9388009 0.06103461 -0.3390102 0
0.232969 0.6124407 0.7554087 0
0.2537298 -0.7881571 0.5607405 0
-0.2146394 0.6613762 -0.02187338 1

0.8884824 -0.06727679 -0.453953 0
-0.4355557 0.1879286 -0.8803262 0
0.1445363 0.979876 0.1376687 0
-0.2555011 0.6473131 -0.08533188 1

0.891408 0.09808969 0.44246 0
0.4522253 -0.1284453 -0.8826065 0
-0.02974269 0.9868538 -0.1588556 0
-0.2542704 0.5625215 -0.08837497 1

-0.9999972 0.001780182 -0.001536145 0
0.001775235 0.9999931 0.003281399 0
0.001541832 0.003278434 -0.9999935 0
-0.2191684 0.6236742 0.01963925 1

0.08582784 -0.2609048 0.9615417 0
-0.993336 -0.09692468 0.06236668 0
0.07692529 -0.9604867 -0.267485 0
-0.1605488 0.6977211 -0.5201944 1

0.002543841 -0.950167 -0.3117315 0
0.9392892 -0.1046907 0.3267657 0
-0.3431175 -0.2936372 0.8922151 0
-0.2840374 0.6771914 -0.4624128 1

-0.2007717 -0.9351608 -0.291831 0
0.9688658 -0.233605 0.08202422 0
-0.1448792 -0.2662769 0.9529463 0
-0.2927491 0.6669996 -0.3741379 1

-0.07083538 -0.8324572 -0.5495433 0
0.9911541 0.003247099 -0.1326767 0
0.1122323 -0.5540803 0.8248631 0
-0.1445297 0.6655704 -0.04838733 1

0.8929315 -0.1045639 0.4378808 0
0.4490714 0.1382875 -0.8827298 0
0.03174836 0.9848568 0.1704381 0
-0.1845062 0.6482223 -0.1331363 1

-0.291281 -0.0011744 0.9566373 0
0.9563966 0.02209356 0.2912347 0
-0.0214774 0.9997552 -0.00531207 0
-0.1752267 0.568414 -0.06595737 1

0.1394692 -0.2902699 0.946727 0
-0.9889703 -0.08897381 0.1184131 0
0.04986219 -0.9527998 -0.2994775 0
-0.1656935 0.7137507 -0.5797652 1

-0.01118979 -0.9575059 -0.2881968 0
0.945885 -0.1036122 0.3075159 0
-0.3243092 -0.26916 0.9068499 0
-0.2867708 0.7443959 -0.4458808 1

-0.2051287 -0.9418925 -0.2660087 0
0.9614385 -0.2447892 0.1253583 0
-0.1831903 -0.2300365 0.9557848 0
-0.2884308 0.7366481 -0.3574024 1

-0.1175293 -0.851086 -0.5117028 0
0.9833581 -0.02785539 -0.1795298 0
0.1385417 -0.5242869 0.8401963 0
-0.1487732 0.6141171 -0.08254435 1

0.8914666 -0.07769251 0.4463757 0
0.4528089 0.1182853 -0.8837267 0
0.01585928 0.9899357 0.1406274 0
-0.1208648 0.6455711 -0.1059343 1

-0.2922626 0.02583936 0.9559892 0
0.9546413 0.0674089 0.2900284 0
-0.05694791 0.9973907 -0.04436825 0
-0.1856964 0.5717902 0.004955983 1

-1 0 0 0
0 -1.192093E-07 0.9999999 0
0 0.9999999 1.192093E-07 0
0 0 0 1

0.04215586 -0.9689991 0.2434414 0
0.1648886 0.2470644 0.9548669 0
-0.985411 -0.0001125538 0.1701921 0
-7.195957E-05 0.4131624 0.01823944 1

0.04523817 -0.9880989 0.1470177 0
0.335733 0.1536462 0.9293417 0
-0.9408704 0.007316943 0.338688 0
-0.005618904 0.5506696 -0.01378668 1

0.02816354 -0.75221 -0.6583212 0
0.08339807 -0.6545183 0.7514323 0
-0.9961184 -0.07606575 0.04429931 0
0.1081453 0.4000497 -0.004013347 1

0.1820654 0.9788835 0.09295041 0
-0.1991698 0.129284 -0.9713997 0
-0.9629038 0.1583452 0.218502 0
-0.1094809 0.4000252 0.03357315 1

-0.05911914 -0.9967825 -0.05412659 0
0.5679778 -0.07817705 0.8193226 0
-0.820918 0.01769491 0.570772 0
-0.005479842 0.7019929 -0.01666958 1

0.001377255 -0.9994263 0.03384286 0
0.126672 0.03374457 0.9913705 0
-0.9919438 0.002921537 0.1266457 0
0.1137997 0.2867415 -0.1091035 1

-0.1627125 0.02860579 -0.986259 0
0.09871767 -0.9940924 -0.04511934 0
-0.981723 -0.1047027 0.1589272 0
-0.1400947 0.2495394 0.01535986 1

-0.1513265 -0.9852625 -0.07973843 0
0.8039736 -0.1696102 0.569964 0
-0.5750886 0.02214303 0.8177914 0
0.006519821 0.8352897 -0.003543407 1

-0.004615076 -0.9997268 0.02291892 0
-0.07588344 0.02320318 0.9968467 0
-0.9971061 0.002861304 -0.0759698 0
0.1153266 0.1526021 -0.092305 1

-0.09351655 0.4970693 -0.8626571 0
-0.04029136 -0.8676339 -0.4955689 0
-0.9948022 -0.01158636 0.1011656 0
-0.1192903 0.2579603 0.148679 1

0.154191 -0.9787842 0.1349326 0
0.8034293 0.2036943 0.5594731 0
-0.5750886 0.02214307 0.8177915 0
0.007329339 0.9937416 -0.007264499 1

-0.4568653 0.08806033 0.8851664 0
0.8886774 0.001470883 0.4585308 0
0.03907649 0.9961141 -0.07892927 0
0.06797148 0.8359391 -0.07689165 1

-0.6801647 -0.04428034 0.7317207 0
-0.7321925 -0.007496186 -0.6810566 0
0.0356425 -0.9989911 -0.02732301 0
-0.04165111 0.8401601 0.07899465 1

-0.09169918 0.0315848 0.9952856 0
0.01256894 0.999454 -0.03055911 0
-0.9957076 0.009707428 -0.09204609 0
0.1276241 0.1279145 -0.2645708 1

-0.09591322 -0.5539342 -0.8270176 0
0.0796224 -0.8324552 0.5483421 0
-0.9922002 -0.01325591 0.1239489 0
-0.1235861 0.09738596 0.08058848 1

-0.01909535 -0.9996626 -0.0176193 0
0.06561397 -0.01883754 0.9976673 0
-0.9976627 0.01789469 0.06595154 0
0.01161866 1.275646 -0.01839131 1

-0.02033868 0.8229188 0.567795 0
0.9700858 -0.1211687 0.2103616 0
0.2419095 0.5550885 -0.7958373 0
0.1156593 0.8200667 -0.1692473 1

-0.5995021 -0.6368033 0.4848494 0
-0.3898636 -0.2967144 -0.8717607 0
0.699002 -0.7116476 -0.07038561 0
-0.1127809 0.8288625 0.1556008 1

0.9315397 0.1112233 0.3462127 0
-0.02911175 -0.9262105 0.3758815 0
0.3624726 -0.3602273 -0.8595638 0
0.1314723 0.6404203 -0.2897421 1

-0.02183159 -0.4701796 -0.8823009 0
0.3091203 0.8360928 -0.4532041 0
0.9507723 -0.2826312 0.1270887 0
-0.2380317 0.6944377 0.2708578 1

0.9565551 0.1644811 0.2407249 0
-0.2106093 0.9607788 0.1804116 0
-0.2016092 -0.2232727 0.953679 0
-0.1075442 0.6172768 -0.3808352 1

-0.003254615 -0.01965488 -0.9998017 0
-0.9999825 0.005078509 0.003155544 0
0.0050156 0.9997943 -0.01967111 0
-0.2418305 0.5786 0.04166495 1

0.0005125422 -0.2285516 0.973532 0
-0.9781492 -0.2025164 -0.04702868 0
0.2079046 -0.9522352 -0.2236612 0
-0.1593259 0.6455543 -0.4457044 1

0.7553306 -0.6543152 -0.0367108 0
0.5956865 0.6621405 0.4546732 0
-0.273192 -0.3652968 0.8899016 0
-0.214378 0.592808 -0.4547319 1

0.5602425 -0.826435 -0.05597972 0
0.8198457 0.5435901 0.1798975 0
-0.1182435 -0.146681 0.9820914 0
-0.2347611 0.5750024 -0.3743086 1

0.9380578 0.05481268 -0.3421163 0
0.2343054 0.6270448 0.7429107 0
0.2552432 -0.7770529 0.5753613 0
-0.2153669 0.6350035 -0.02003869 1

0.8875508 -0.07571969 -0.4544456 0
-0.4374911 0.1706784 -0.8828764 0
0.1444152 0.9824134 0.118359 0
-0.2563565 0.6196985 -0.08312625 1

0.8922984 0.1069784 0.4385883 0
0.450416 -0.1453441 -0.8809091 0
-0.030492 0.9835808 -0.1778751 0
-0.2550966 0.5348643 -0.08452921 1

-0.9999992 0.001371346 0.0005475712 0
0.001362473 0.9998698 -0.01609006 0
-0.0005694209 -0.01608927 -0.9998705 0
-0.2197924 0.5981109 0.02220588 1

0.08584577 -0.2453003 0.9656389 0
-0.9932605 -0.09682976 0.06370392 0
0.07787597 -0.9645995 -0.2519594 0
-0.1603863 0.6621168 -0.51892 1

0.003495235 -0.955063 -0.2963826 0
0.9393096 -0.09854051 0.3286145 0
-0.3430531 -0.2795437 0.8967553 0
-0.2838694 0.642406 -0.4608421 1

-0.1998388 -0.939927 -0.2767707 0
0.9690624 -0.2313533 0.08598814 0
-0.1448545 -0.2510245 0.957081 0
-0.2925922 0.6336296 -0.3724164 1

-0.07164542 -0.8429713 -0.5331668 0
0.9908709 0.001052234 -0.1348136 0
0.1142051 -0.5379582 0.8352 0
-0.145315 0.63871 -0.04677729 1

0.8938977 -0.09572542 0.4379316 0
0.4471498 0.1213351 -0.8861916 0
0.03169451 0.9879853 0.1512647 0
-0.185463 0.6197085 -0.1310896 1

-0.2892613 0.01724339 0.9570951 0
0.9569999 0.02809219 0.288726 0
-0.02190817 0.9994569 -0.02462806 0
-0.1760082 0.5412198 -0.06239739 1

0.1395176 -0.2748505 0.9513108 0
-0.9889153 -0.08797296 0.1196159 0
0.05081312 -0.957454 -0.2840776 0
-0.1655321 0.6771798 -0.5787426 1

-0.01023706 -0.9620346 -0.2727357 0
0.945909 -0.09776606 0.3093512 0
-0.3242709 -0.2548164 0.910998 0
-0.2866688 0.7098655 -0.4453956 1

-0.2041955 -0.946246 -0.2508444 0
0.9616353 -0.2418448 0.1294951 0
-0.1831997 -0.2147786 0.9593269 0
-0.2883422 0.7035427 -0.3568042 1

-0.1182515 -0.8608818 -0.4948735 0
0.9829893 -0.03095487 -0.1810388 0
0.1405345 -0.5078635 0.8498972 0
-0.149609 0.5866031 -0.07992238 1

0.8924392 -0.06869489 0.4459077 0
0.4508936 0.1013187 -0.8868089 0
0.01574051 0.9924799 0.1213947 0
-0.1217631 0.6176088 -0.1039761 1

-0.2902557 0.04423918 0.9559262 0
0.9552228 0.07337504 0.2866461 0
-0.05746008 0.996323 -0.06355584 0
-0.1863297 0.5459648 0.008459288 1

-1 0 0 0
0 -1.192093E-07 0.9999999 0
0 0.9999999 1.192093E-07 0
0 0 0 1

0.04234385 -0.9690036 0.2433907 0
0.1649508 0.2470464 0.9548608 0
-0.9853926 -0.0002850497 0.1702988 0
-5.96242E-05 0.3679059 0.01822262 1

0.04533062 -0.9838906 0.172929 0
0.335834 0.178041 0.9249415 0
-0.9408299 0.01614722 0.3384945 0
-0.005632974 0.5054137 -0.01379634 1

0.02626082 -0.9341415 -0.3559355 0
0.09251736 -0.352259 0.9313185 0
-0.9953648 -0.05738742 0.0771737 0
0.1081574 0.3548124 -0.004042502 1

0.2100861 0.8063625 0.5528503 0
-0.1554756 0.5858288 -0.7953817 0
-0.9652417 0.08114381 0.2484441 0
-0.1094647 0.3547498 0.03356756 1

-0.05918784 -0.9981461 -0.01418282 0
0.5684028 -0.04537784 0.821498 0
-0.8206187 0.04056108 0.5700349 0
-0.00550569 0.656609 -0.0206551 1

-0.0001260489 -0.975126 0.2216511 0
0.1577453 0.2188567 0.9629216 0
-0.98748 0.03508576 0.1537939 0
0.1134769 0.212041 -0.06322631 1

-0.1954714 0.293621 -0.9357231 0
0.09953836 -0.9432619 -0.3167799 0
-0.9756451 -0.1550618 0.155154 0
-0.1442243 0.2327812 -0.05492173 1

-0.1289255 -0.9916481 -0.003533303 0
0.8080955 -0.1071254 0.5792287 0
-0.5747696 0.07182205 0.8151574 0
0.006506233 0.7903233 -0.01287733 1

-0.002187874 -0.9939724 0.1096093 0
-0.03714008 0.1096146 0.99328 0
-0.9993078 -0.001897748 -0.03715604 0
0.1151363 0.08346104 -0.02148496 1

-0.0776955 0.781305 -0.6192948 0
-0.07402351 -0.6239789 -0.7779274 0
-0.9942254 -0.01459909 0.1063152 0
-0.1190057 0.2049024 0.07494175 1

0.1765424 -0.9617998 0.209223 0
0.799045 0.2641648 0.5401333 0
-0.5747696 0.07182211 0.8151575 0
0.003705633 0.9479999 -0.02874467 1

-0.4580217 0.1453749 0.8769736 0
0.8887913 0.0567716 0.4547826 0
0.01632681 0.9877465 -0.1552105 0
0.06786674 0.7867321 -0.08621685 1

-0.6783774 -0.00337301 0.7347058 0
-0.7323928 -0.0763149 -0.6765918 0
0.05835107 -0.9970781 0.04930007 0
-0.04169506 0.8004228 0.06916732 1

-0.05301734 0.1178584 0.9916141 0
0.009839382 0.9930242 -0.1175 0
-0.9985452 0.003527309 -0.05380715 0
0.120771 0.04391946 -0.1913145 1

-0.1148156 -0.2930076 -0.9491913 0
0.05785705 -0.9558609 0.2880678 0
-0.9917006 -0.02184273 0.1267002 0
-0.1294727 0.08066335 -0.04709913 1

-0.004985973 -0.9999403 -0.009733557 0
0.06721258 -0.01004682 0.9976881 0
-0.9977263 0.004320174 0.06725871 0
0.003979499 1.229841 -0.04209203 1

-0.04015872 0.8190939 0.572252 0
0.9679832 -0.110131 0.2255658 0
0.2477823 0.5629887 -0.7884464 0
0.1158274 0.7649015 -0.1772049 1

-0.5761831 -0.6000543 0.5549306 0
-0.4307754 -0.354048 -0.83011 0
0.6945831 -0.7173458 -0.05449193 0
-0.112486 0.7934309 0.1465968 1

0.9515069 -0.01476267 0.3072733 0
-0.1258134 -0.930167 0.3449063 0
0.280724 -0.3668397 -0.8869175 0
0.1359081 0.5862133 -0.2984863 1

-0.04268907 -0.4375388 -0.8981856 0
0.3031434 0.850951 -0.4289369 0
0.9519884 -0.2905898 0.09631048 0
-0.2322054 0.6676393 0.2765417 1

0.9565311 0.1666681 0.2393117 0
-0.2107586 0.9622425 0.1722521 0
-0.2015671 -0.2152013 0.9555413 0
-0.1076694 0.5954418 -0.3794 1

-0.002360038 -0.02762246 -0.9996156 0
-0.9999916 0.003483243 0.002264915 0
0.003419526 0.9996125 -0.02763058 0
-0.2413948 0.5602702 0.04341311 1

0.0005555321 -0.2202799 0.9754366 0
-0.9781177 -0.2030614 -0.0452994 0
0.2080521 -0.9540668 -0.2155726 0
-0.1594559 0.6231596 -0.4445065 1

0.7554327 -0.654485 -0.03116249 0
0.5955861 0.6660694 0.4490315 0
-0.2731282 -0.357773 0.8929724 0
-0.2144999 0.5703299 -0.4530855 1

0.5603716 -0.8267929 -0.04896804 0
0.8197619 0.5452259 0.1752697 0
-0.1182132 -0.1383583 0.9833021 0
-0.2348796 0.5532044 -0.3725138 1

0.9382631 0.05360615 -0.3417444 0
0.2326522 0.6333207 0.7380908 0
0.2559997 -0.7720311 0.5817495 0
-0.214969 0.6162233 -0.01871532 1

0.8880636 -0.0778985 -0.4530732 0
-0.4370038 0.1629322 -0.8845795 0
0.1427279 0.9835575 0.1106519 0
-0.2558793 0.6003498 -0.08171374 1

0.8917457 0.1119139 0.4384805 0
0.4514101 -0.1516255 -0.8793401 0
-0.03192527 0.9820822 -0.1857304 0
-0.2544814 0.5155093 -0.0824398 1

-1 -0.0002446249 -0.0003134599 0
-0.0002368093 0.999711 -0.02405344 0
0.0003194977 -0.02405321 -0.9997106 0
-0.2193714 0.5796611 0.023818 1

0.08589141 -0.2370817 0.9676856 0
-0.9932449 -0.09644097 0.06453236 0
0.07802521 -0.9666913 -0.2437636 0
-0.1605196 0.6391 -0.5178601 1

0.003642753 -0.9575439 -0.2882655 0
0.9393277 -0.09560071 0.3294307 0
-0.3430028 -0.2719757 0.8990989 0
-0.283999 0.6198635 -0.4596159 1

-0.1996935 -0.9422737 -0.2687811 0
0.9690995 -0.2304635 0.08794014 0
-0.1448079 -0.2429145 0.9591784 0
-0.2927198 0.6118364 -0.3711188 1

-0.06982511 -0.8473061 -0.5264954 0
0.9909838 0.001584048 -0.1339752 0
0.1143519 -0.5311034 0.8395555 0
-0.1449001 0.6198301 -0.04542303 1

0.8936726 -0.09078588 0.43944 0
0.4477183 0.1149976 -0.8867494 0
0.02996995 0.9892086 0.1434164 0
-0.1849446 0.6000927 -0.1296154 1

-0.2901146 0.02439703 0.956681 0
0.9567038 0.03194147 0.2893064 0
-0.02349934 0.9991922 -0.03260757 0
-0.1754225 0.5221692 -0.06029209 1

0.1395677 -0.266744 0.9536082 0
-0.9889005 -0.08710926 0.120367 0
0.05096108 -0.9598231 -0.2759412 0
-0.1656681 0.6536537 -0.5778083 1

-0.01008835 -0.9643165 -0.2645602 0
0.9459268 -0.09498876 0.3101616 0
-0.3242242 -0.2471256 0.9131309 0
-0.286809 0.6874511 -0.4447424 1

-0.2040491 -0.9483731 -0.242802 0
0.961674 -0.2405865 0.1315346 0
-0.183159 -0.2066567 0.9611171 0
-0.2884807 0.6818804 -0.3561005 1

-0.1164353 -0.8649863 -0.4881003 0
0.9831938 -0.03080297 -0.1799508 0
0.14062 -0.5008499 0.8540351 0
-0.1490814 0.5674541 -0.07815562 1

0.8921636 -0.06369516 0.4471993 0
0.4514948 0.09498297 -0.8872042 0
0.01403444 0.9934393 0.1134981 0
-0.1212649 0.5983122 -0.1024319 1

-0.2911516 0.05138093 0.9552964 0
0.9548556 0.07720342 0.2868645 0
-0.05901254 0.9956909 -0.07153947 0
-0.1858128 0.5274615 0.0105157 1

-1 0 0 0
0 -1.192093E-07 0.9999999 0
0 0.9999999 1.192093E-07 0
0 0 0 1

0.04242694 -0.9690046 0.243372 0
0.165682 0.2470424 0.9547352 0
-0.9852663 -0.0001840795 0.1710278 0
-5.153473E-05 0.3402005 0.01822539 1

0.04533581 -0.9819251 0.1837605 0
0.3365465 0.1882092 0.9226666 0
-0.940575 0.02001417 0.3389959 0
-0.005634811 0.4777084 -0.01379124 1

0.02358343 -0.9985743 -0.04788735 0
0.1130255 -0.04493034 0.9925756 0
-0.9933122 -0.02882077 0.1118048 0
0.1081476 0.3270959 -0.004119629 1

0.2060211 0.4986182 0.841983 0
-0.1087404 0.8667781 -0.4866945 0
-0.972487 0.008711854 0.2327944 0
-0.1094466 0.3270555 0.03365145 1

-0.05936623 -0.9982086 0.007435753 0
0.5692469 -0.02773384 0.8216987 0
-0.8200206 0.05301398 0.5698734 0
-0.005493616 0.6288187 -0.02232098 1

-0.002933271 -0.9412386 0.3377293 0
0.191065 0.3309813 0.9240918 0
-0.9815731 0.06723889 0.1788668 0
0.112961 0.1729851 -0.01601051 1

-0.1893522 0.6000982 -0.7771927 0
0.08843955 -0.7778717 -0.6221693 0
-0.9779184 -0.1865436 0.09421915 0
-0.1433873 0.2537532 -0.0982186 1

-0.1116571 -0.9926695 0.04626044 0
0.8110231 -0.06412667 0.5814889 0
-0.5742599 0.1024457 0.8122378 0
0.006548298 0.7626676 -0.01744489 1

0.001617104 -0.9999859 0.005041599 0
-0.01821307 0.005011305 0.9998215 0
-0.999833 -0.001708583 -0.01820466 0
0.1149215 0.05035182 0.04086765 1

-0.05672038 0.9313329 -0.3597258 0
-0.09531902 -0.3637115 -0.9266222 0
-0.9938297 -0.01826951 0.1094034 0
-0.1188015 0.1825827 0.01406669 1

0.1936807 -0.9469744 0.2563737 0
0.7954329 0.3045399 0.5239676 0
-0.5742599 0.1024457 0.8122378 0
0.0009718472 0.9192845 -0.04114122 1

-0.458683 0.180996 0.8699715 0
0.8885993 0.09472959 0.4487958 0
-0.001181833 0.9789111 -0.2042837 0
0.0678115 0.7564837 -0.09069289 1

-0.6767081 0.02155305 0.7359357 0
-0.7323397 -0.1226058 -0.6698105 0
0.0757935 -0.9922214 0.09875261 0
-0.04165314 0.7760119 0.06413474 1

-0.03413353 0.01332581 0.9993284 0
0.0058828 0.9998966 -0.01313239 0
-0.9994 0.005430657 -0.03420835 0
0.1173557 0.02880676 -0.132247 1

-0.1246374 -0.07542802 -0.9893314 0
0.03807763 -0.9967357 0.07119561 0
-0.9914715 -0.02879762 0.1271025 0
-0.1333916 0.1003322 -0.1391027 1

0.005462848 -0.9999027 -0.01283593 0
0.07012855 -0.01242149 0.9974606 0
-0.9975231 -0.006349106 0.07005362 0
-0.001755237 1.201151 -0.05361236 1

-0.03848774 0.7990575 0.6000217 0
0.96588 -0.1241536 0.2272924 0
0.2561145 0.5882969 -0.767015 0
0.115958 0.7309744 -0.1806194 1

-0.5689785 -0.5668176 0.595803 0
-0.4599097 -0.3812844 -0.8019382 0
0.6817232 -0.7303013 -0.0437422 0
-0.1121527 0.7716683 0.1420224 1

0.9526283 -0.1307279 0.2746085 0
-0.2137699 -0.9300587 0.2988201 0
0.216338 -0.3433676 -0.9139456 0
0.1356522 0.5564607 -0.3078946 1

-0.05149945 -0.391567 -0.9187073 0
0.3125487 0.8673962 -0.3872177 0
0.9485046 -0.3070822 0.0777133 0
-0.229969 0.6533951 0.2804879 1

0.9561951 0.1654573 0.2414846 0
-0.2121871 0.9600586 0.1823868 0
-0.2016624 -0.2256372 0.9531109 0
-0.1076978 0.5954648 -0.3801521 1

-0.001356452 -0.02163333 -0.9997652 0
-0.9999844 0.005477122 0.001238226 0
0.005449265 0.9997512 -0.02164049 0
-0.2413658 0.5579268 0.04233523 1

0.0004590303 -0.2306429 0.9730385 0
-0.9778115 -0.2039427 -0.04787984 0
0.2094872 -0.9514263 -0.2256191 0
-0.1594962 0.6238008 -0.4449825 1

0.7563677 -0.6530539 -0.03779602 0
0.5944586 0.6620913 0.4563487 0
-0.2729959 -0.3676355 0.8889982 0
-0.2144619 0.5709881 -0.4541466 1

0.5615572 -0.8254366 -0.05751785 0
0.818919 0.5444822 0.181414 0
-0.1184285 -0.1489767 0.9817234 0
-0.2348512 0.5529778 -0.3737706 1

0.9387299 0.05376723 -0.3404343 0
0.2331371 0.6284227 0.7421135 0
0.2538379 -0.776012 0.5773838 0
-0.2147623 0.6141975 -0.01942929 1

0.8883852 -0.07696754 -0.452601 0
-0.4357394 0.1691015 -0.8840451 0
0.1445785 0.9825889 0.1166893 0
-0.2556376 0.5987836 -0.08256451 1

0.8915029 0.1074966 0.4400768 0
0.4520369 -0.1472648 -0.879759 0
-0.02976316 0.9832384 -0.1798795 0
-0.2544087 0.5139464 -0.08379713 1

-0.9999977 0.0017648 -0.001362247 0
0.001789249 0.9998354 -0.01806655 0
0.001330324 -0.01806891 -0.9998358 0
-0.219283 0.5773903 0.02287963 1

0.0858216 -0.2472413 0.9651459 0
-0.9931346 -0.09851809 0.06307331 0
0.07949006 -0.9639328 -0.2539991 0
-0.1605517 0.640519 -0.5181626 1

0.005113315 -0.9544172 -0.2984333 0
0.9393237 -0.09777927 0.3288012 0
-0.3429942 -0.2820067 0.8960064 0
-0.2840281 0.6204906 -0.46018 1

-0.1982524 -0.9396408 -0.2788754 0
0.9693866 -0.2300236 0.08590262 0
-0.1448656 -0.2533076 0.9564773 0
-0.2927746 0.6115103 -0.3717769 1

-0.07096274 -0.8439972 -0.5316325 0
0.9911264 0.0003965823 -0.1329253 0
0.1123995 -0.5363478 0.8364792 0
-0.1446581 0.6178234 -0.04604159 1

0.893023 -0.09520863 0.4398243 0
0.4488865 0.1194046 -0.8855754 0
0.03179754 0.9882702 0.1493689 0
-0.1846528 0.5986709 -0.1303925 1

-0.2910784 0.01925207 0.9565054 0
0.9564587 0.02828841 0.2904946 0
-0.02146518 0.9994146 -0.02664807 0
-0.1753601 0.5203148 -0.0615272 1

0.1395457 -0.2766768 0.9507771 0
-0.9888268 -0.08977474 0.1190059 0
0.05242966 -0.9567608 -0.2861133 0
-0.1656957 0.6557026 -0.577955 1

-0.008618075 -0.9614611 -0.2748072 0
0.9459301 -0.0969531 0.3095424 0
-0.3242566 -0.2572807 0.9103102 0
-0.2869397 0.6879121 -0.4445896 1

-0.2026101 -0.9460225 -0.2529644 0
0.9619574 -0.2406202 0.1293839 0
-0.1832686 -0.2171265 0.9587851 0
-0.2886404 0.6813964 -0.3560127 1

-0.117649 -0.8618134 -0.4933931 0
0.98332 -0.03169895 -0.1791021 0
0.1387125 -0.5062346 0.8511673 0
-0.1489096 0.5656528 -0.07909155 1

0.89156 -0.0681619 0.4477441 0
0.4526235 0.09938564 -0.8861459 0
0.01590214 0.9927118 0.1194598 0
-0.1210056 0.5965998 -0.1031534 1

-0.29206 0.04624589 0.9552814 0
0.9547035 0.07356786 0.2883216 0
-0.05694402 0.9962175 -0.06563736 0
-0.1858147 0.525204 0.009300163 1

-1 0 0 0
0 -1.192093E-07 0.9999999 0
0 0.9999999 1.192093E-07 0
0 0 0 1

0.04256749 -0.9690111 0.243322 0
0.1658602 0.2470172 0.9547108 0
-0.9852303 -0.0002821888 0.1712352 0
-3.182516E-05 0.3440807 0.01819589 1

0.04548717 -0.9838961 0.1728572 0
0.3367144 0.1780113 0.9246271 0
-0.9405077 0.01614482 0.339389 0
-0.005634516 0.4815894 -0.01381375 1

0.03123276 -0.9994854 0.007319182 0
0.07401688 0.009615361 0.9972106 0
-0.996768 -0.03060388 0.07427908 0
0.1081638 0.3309869 -0.004172464 1

0.1743594 0.1789077 0.9682927 0
-0.06711928 0.9832281 -0.1695812 0
-0.9823921 -0.03542301 0.1834432 0
-0.1094224 0.3309249 0.03364442 1

-0.05910638 -0.9982517 0.0005435349 0
0.5694504 -0.03326993 0.8213522 0
-0.8198982 0.04885667 0.570421 0
-0.005512552 0.6327849 -0.02066822 1

-0.008849405 -0.7668995 0.6417064 0
0.1586907 0.632522 0.7581114 0
-0.9872888 0.1085417 0.1161023 0
0.1143345 0.1765019 -0.007487317 1

-0.1519907 0.8590188 -0.4888622 0
0.07164598 -0.483732 -0.872279 0
-0.985782 -0.1676032 0.01197743 0
-0.1383053 0.3074728 -0.116458 1

-0.1043856 -0.9932436 0.0507033 0
0.811965 -0.05567265 0.5810454 0
-0.574297 0.101822 0.8122901 0
0.006495923 0.7666001 -0.01486907 1

-0.003138911 -0.977751 0.2097457 0
-0.02398457 0.20976 0.9774585 0
-0.9997077 -0.001962495 -0.02410935 0
0.1148491 0.08106966 0.08827458 1

-0.03667113 0.9914735 -0.1250457 0
-0.1078233 -0.128325 -0.9858535 0
-0.9934937 -0.02266947 0.1116096 0
-0.1185815 0.1978101 -0.03988867 1

0.2007907 -0.9444069 0.260344 0
0.7936413 0.312615 0.5219249 0
-0.574297 0.1018221 0.8122901 0
-0.0002411678 0.923067 -0.03924566 1

-0.4592459 0.1814639 0.8695771 0
0.8882688 0.1031609 0.4475895 0
-0.008485064 0.9779717 -0.2085649 0
0.06773996 0.7605413 -0.08814355 1

-0.6762187 0.01985282 0.7364336 0
-0.7319993 -0.1308674 -0.6686186 0
0.08310136 -0.9912012 0.1030271 0
-0.04173173 0.7799507 0.06669406 1

-0.04011418 0.1617046 0.9860236 0
0.01017292 0.9868329 -0.1614235 0
-0.9991435 0.003555373 -0.04123101 0
0.1181849 0.02451364 -0.07674081 1

-0.129665 0.08825227 -0.987623 0
0.02315877 -0.9954906 -0.09199575 0
-0.9912875 -0.03480069 0.1270363 0
-0.1357526 0.1550969 -0.2081731 1

0.009972272 -0.9995099 -0.02968071 0
0.07130808 -0.02889588 0.9970355 0
-0.9974048 -0.01205917 0.07098491 0
-0.004262041 1.20509 -0.04696229 1

-0.03482063 0.7782617 0.6269741 0
0.9657195 -0.135278 0.2215538 0
0.2572428 0.6131957 -0.7468717 0
0.1159942 0.7349892 -0.1780002 1

-0.587476 -0.5627187 0.5815665 0
-0.4497009 -0.3704636 -0.8127275 0
0.6727866 -0.7389888 -0.03541676 0
-0.1121313 0.7754354 0.1446625 1

0.9500669 -0.1573747 0.2694562 0
-0.2317521 -0.934099 0.2715703 0
0.2089605 -0.320457 -0.923928 0
0.1348922 0.5648485 -0.3111799 1

-0.03694794 -0.3742764 -0.9265812 0
0.3239065 0.8726717 -0.3654165 0
0.9453678 -0.3136268 0.08898702 0
-0.2340738 0.6579226 0.2801715 1

0.9560242 0.1623801 0.2442352 0
-0.2126384 0.9572958 0.1958837 0
-0.2019979 -0.2392033 0.9497256 0
-0.1076947 0.6107183 -0.3819553 1

-0.003139841 -0.008365273 -0.9999601 0
-0.9999883 0.00383317 0.003107936 0
0.003807005 0.999958 -0.008377104 0
-0.2416678 0.5669246 0.04012432 1

0.0001165997 -0.2444143 0.969671 0
-0.9777116 -0.2036146 -0.05120527 0
0.2099544 -0.9480524 -0.2389905 0
-0.1594753 0.6399509 -0.4464006 1

0.7566367 -0.6521654 -0.04671089 0
0.5940009 0.6557809 0.4659559 0
-0.2732484 -0.3803056 0.883574 0
-0.2144166 0.5872524 -0.4563373 1

0.5619014 -0.8243249 -0.06896183 0
0.8186285 0.5421664 0.1894822 0
-0.1188064 -0.1629245 0.9794595 0
-0.2348345 0.5680969 -0.3762338 1

0.9380221 0.05980783 -0.3413771 0
0.2334786 0.618897 0.7499701 0
0.2561314 -0.7831926 0.5665748 0
-0.2152669 0.6240533 -0.02093551 1

0.8876832 -0.06950856 -0.4551788 0
-0.4376172 0.18011 -0.8809381 0
0.143215 0.9811879 0.1294624 0
-0.2562322 0.6094122 -0.08419625 1

0.8921286 0.103097 0.4398621 0
0.4506717 -0.1348406 -0.8824476 0
-0.03166652 0.9854895 -0.1667578 0
-0.2548695 0.5246008 -0.08655711 1

-1 0.0001556575 0.0004584342 0
0.0001534149 0.9999889 -0.004795804 0
-0.000459143 -0.004795894 -0.9999886 0
-0.2196516 0.5866805 0.02088915 1

0.085489 -0.2608669 0.961582 0
-0.9931246 -0.09977932 0.06122438 0
0.07997466 -0.960205 -0.2676034 0
-0.1605048 0.6577044 -0.519337 1

0.005613878 -0.9500883 -0.3119314 0
0.9392158 -0.1020743 0.3278036 0
-0.3432827 -0.2948112 0.8917642 0
-0.2839993 0.6368091 -0.4616993 1

-0.1977661 -0.9356681 -0.2922574 0
0.9694372 -0.2308502 0.08306816 0
-0.1451921 -0.2668971 0.9527251 0
-0.2927814 0.6265732 -0.3734365 1

-0.07057636 -0.8369819 -0.5426612 0
0.9908814 0.003773226 -0.1346893 0
0.1147803 -0.5472185 0.8290827 0
-0.1452171 0.6281462 -0.04762325 1

0.8939732 -0.09958425 0.436916 0
0.4470835 0.1318772 -0.8847178 0
0.0304847 0.9862514 0.1624172 0
-0.1853344 0.6100497 -0.132149 1

-0.289369 0.006082584 0.9571987 0
0.9569392 0.02598678 0.2891251 0
-0.02311598 0.9996442 -0.01334031 0
-0.1757909 0.5308017 -0.06434665 1

0.1392309 -0.2900751 0.9468216 0
-0.988845 -0.09182819 0.1172773 0
0.05292569 -0.9525885 -0.2996248 0
-0.1656282 0.6737322 -0.5789102 1

-0.008125283 -0.9574715 -0.2884138 0
0.9458302 -0.1009727 0.3085614 0
-0.3245609 -0.2702833 0.9064254 0
-0.2869437 0.7040018 -0.4451561 1

-0.202133 -0.9424177 -0.2664415 0
0.9619929 -0.2420651 0.1263915 0
-0.18361 -0.2307669 0.9555283 0
-0.2886811 0.6962302 -0.3566813 1

-0.1171642 -0.8553799 -0.5045777 0
0.9830425 -0.02771926 -0.181274 0
0.1410718 -0.51726 0.8441218 0
-0.1494451 0.5764119 -0.08135518 1

0.8924813 -0.07264736 0.445197 0
0.4508514 0.1118737 -0.8855609 0
0.01452794 0.9910638 0.1325984 0
-0.1216345 0.6077209 -0.1050542 1

-0.290396 0.03308859 0.9563347 0
0.9551076 0.07128804 0.2875566 0
-0.05866038 0.9969072 -0.0523048 0
-0.1861245 0.5347336 0.006558038 1

-1 0 0 0
0 -1.192093E-07 0.9999999 0
