MeshAnim
1
20
42
30
-1 0 0 0
0 -1.192093E-07 0.9999999 0
0 0.9999999 1.192093E-07 0
0 0 0 1

0.04289186 -0.9690148 0.2432497 0
0.1682681 0.2470023 0.9542933 0
-0.9848077 -2.591191E-07 0.1736486 0
-3.352761E-08 0.4893291 0.01821155 1

0.01409626 -0.9958416 0.09000344 0
0.3417937 0.08938922 0.935514 0
-0.9396692 0.01757538 0.3416325 0
-0.005642583 0.6268383 -0.01378889 1

0.4253294 -0.7304618 -0.5343411 0
-0.006168213 -0.5927328 0.8053755 0
-0.9050176 -0.3392539 -0.2566123 0
0.1081368 0.4762043 -0.00442138 1

0.5219737 0.8453994 0.1133287 0
-0.213166 0.2579403 -0.9423519 0
-0.8258957 0.467725 0.3148484 0
-0.1093561 0.4762046 0.03392849 1

-0.09895444 -0.9861128 -0.1333769 0
0.5643759 -0.1660086 0.8086538 0
-0.8195656 0.004745169 0.5729656 0
-0.0007091425 0.7779978 -0.007995813 1

0.1245362 -0.970623 0.2058676 0
-0.1280827 0.1900207 0.9733894 0
-0.9839134 -0.1475903 -0.1006556 0
0.175419 0.3664293 -0.09007906 1

0.1018977 0.6409298 -0.760806 0
-0.2622106 -0.7204371 -0.6420404 0
-0.9596158 0.2649139 0.09464775 0
-0.192343 0.3474262 0.01285201 1

-0.2360205 -0.9439288 -0.2308519 0
0.7825053 -0.3254739 0.5308034 0
-0.5761769 -0.05536235 0.8154477 0
0.01661416 0.9092337 0.01569643 1

0.06303967 -0.9936486 -0.09321075 0
-0.1408547 -0.1013199 0.984832 0
-0.9880211 -0.04895436 -0.1463473 0
0.1904411 0.2380694 -0.0503809 1

0.1312208 0.9869838 0.09297349 0
-0.2162406 0.1200227 -0.9689347 0
-0.9674819 0.1070397 0.2291754 0
-0.2025782 0.2699498 0.1231716 1

0.06752688 -0.9975168 -0.02001039 0
0.8145306 0.04353511 0.5784845 0
-0.5761769 -0.0553623 0.8154477 0
0.03123958 1.065658 0.03665037 1

-0.4530951 -0.0112627 0.891391 0
0.8824906 -0.1471699 0.4467115 0
0.1261548 0.9890471 0.07662126 0
0.07835519 0.9159337 -0.05710359 1

-0.6860864 -0.09819647 0.7208626 0
-0.7257095 0.1622343 -0.6685995 0
-0.05129455 -0.981854 -0.1825689 0
-0.03147485 0.9053808 0.09833596 1

-0.1570798 -0.09379325 0.9831218 0
-0.05461402 0.9947816 0.08617973 0
-0.9860746 -0.04015516 -0.1613824 0
0.2154025 0.2350421 -0.2230457 1

-0.2326957 0.1134726 -0.9659072 0
-0.1223219 -0.988698 -0.0866817 0
-0.9648265 0.09798115 0.2439459 0
-0.2420379 0.2702195 -0.04680422 1

-0.03860791 -0.9986772 -0.03396251 0
0.06480247 -0.03641858 0.9972333 0
-0.997151 0.03630025 0.06612281 0
0.04107134 1.347568 0.03013218 1

0.05425642 0.7953986 0.6036533 0
0.9688624 -0.1881976 0.1608956 0
0.2415823 0.5761271 -0.7808426 0
0.1250676 0.9105297 -0.1511481 1

-0.6797996 -0.6513606 0.3370487 0
-0.3272743 -0.1418526 -0.9342213 0
0.6563262 -0.7453905 -0.1167422 0
-0.1038048 0.8885382 0.172769 1

0.8945264 0.2412348 0.3763354 0
0.08787479 -0.920355 0.3810835 0
0.4382929 -0.3078189 -0.8444802 0
0.1247111 0.7360553 -0.2799904 1

-0.05323256 -0.5171162 -0.8542582 0
0.3509669 0.7912042 -0.5008175 0
0.9348735 -0.326476 0.1393728 0
-0.2471818 0.7491395 0.256751 1

0.9438072 0.1531425 0.2928741 0
-0.221125 0.9512034 0.2152108 0
-0.2456251 -0.2678793 0.9316163 0
-0.1054855 0.6794953 -0.3788486 1

0.04510402 0.02816972 -0.998585 0
-0.9989795 0.003577841 -0.04502087 0
0.002304729 0.9995968 0.02830241 0
-0.2587988 0.6209884 0.0344805 1

-0.04464632 -0.2740523 0.960678 0
-0.9743798 -0.2002427 -0.102406 0
0.2204333 -0.9406372 -0.2580911 0
-0.1542319 0.7107818 -0.444681 1

0.7577714 -0.6517429 -0.03183934 0
0.5721135 0.6401379 0.5127472 0
-0.3137978 -0.4067608 0.857949 0
-0.2086742 0.658509 -0.4587521 1

0.5642117 -0.8227991 -0.06831437 0
0.8092049 0.5346688 0.2435499 0
-0.163867 -0.1926941 0.9674795 0
-0.2327679 0.6369401 -0.3803002 1

0.9532782 0.07236923 -0.2932978 0
0.1958609 0.5911189 0.7824429 0
0.2299984 -0.8033313 0.5493262 0
-0.2295926 0.6803131 -0.0231091 1

0.9408664 -0.06482858 -0.3325173 0
-0.3113178 0.22165 -0.9240955 0
0.1336103 0.9729689 0.1883608 0
-0.2674315 0.6679871 -0.08876519 1

0.8696794 0.08708371 0.4858746 0
0.4929602 -0.1024507 -0.8639991 0
-0.02546195 0.9909189 -0.1320282 0
-0.2657952 0.5833188 -0.09415007 1

-0.9988569 -4.823148E-07 -0.04780026 0
-0.001517411 0.9994963 0.03170183 0
0.04777635 0.03173808 -0.9983538 0
-0.2359182 0.6414368 0.01706389 1

0.04100297 -0.2903976 0.956027 0
-0.9949232 -0.09987938 0.01233246 0
0.09190606 -0.9516793 -0.2930188 0
-0.1518935 0.7307668 -0.5170074 1

0.01967031 -0.9400777 -0.3403921 0
0.9230792 -0.1137218 0.3674133 0
-0.3841071 -0.3214362 0.8655292 0
-0.2779196 0.708328 -0.4657871 1

-0.1843955 -0.9259136 -0.3296706 0
0.9645035 -0.2349801 0.1204873 0
-0.1890268 -0.2957512 0.9363759 0
-0.2907629 0.6954041 -0.3783785 1

-0.04273158 -0.8166087 -0.5756077 0
0.9962144 0.008828923 -0.08648162 0
0.07570355 -0.5771242 0.81314 0
-0.1583453 0.685388 -0.04621782 1

0.7675424 -0.1328906 0.6270718 0
0.6409894 0.1538488 -0.7519732 0
0.00345606 0.9791173 0.2032668 0
-0.1906408 0.6694543 -0.1265462 1

-0.3352055 -0.02892949 0.941701 0
0.9418307 0.01554069 0.3357287 0
-0.02434702 0.9994605 0.02203739 0
-0.1878916 0.5887153 -0.06793743 1

0.09535824 -0.3192331 0.9428664 0
-0.9932285 -0.09365939 0.06874092 0
0.06636388 -0.9430367 -0.3260027 0
-0.154261 0.7486238 -0.5762327 1

0.004859407 -0.9481552 -0.3177703 0
0.9305736 -0.1120421 0.3485391 0
-0.3660728 -0.2974023 0.8817836 0
-0.2816011 0.7749865 -0.4473398 1

-0.1899495 -0.9334446 -0.3043029 0
0.9550673 -0.247506 0.1630566 0
-0.2275213 -0.2596571 0.9385159 0
-0.2874163 0.7645069 -0.3593194 1

-0.09106712 -0.8363922 -0.5405136 0
0.9906912 -0.02094195 -0.1345085 0
0.1011821 -0.5477315 0.8305134 0
-0.160843 0.63492 -0.08197934 1

0.7644863 -0.1062368 0.6358257 0
0.6446198 0.1338153 -0.7527014 0
-0.005118467 0.9852955 0.1707822 0
-0.1349615 0.6648902 -0.0856048 1

-0.336241 -0.001910024 0.9417742 0
0.9399907 0.06086873 0.3357274 0
-0.05796574 0.998144 -0.01867108 0
-0.2016402 0.5900528 0.002482028 1

-1 0 0 0
0 -1.192093E-07 0.9999999 0
0 0.9999999 1.192093E-07 0
0 0 0 1

0.04270101 -0.9690093 0.2433053 0
0.1675063 0.247024 0.9544216 0
-0.9849459 4.562302E-07 0.1728633 0
-1.586112E-05 0.4921057 0.0182109 1

0.01404645 -0.9947853 0.1010188 0
0.341314 0.09973089 0.9346434 0
-0.9398444 0.02135076 0.340935 0
-0.005633335 0.6296142 -0.01379709 1

0.3650072 -0.8344084 -0.4129557 0
-0.0273494 -0.4529778 0.8911022 0
-0.930603 -0.3139645 -0.1881606 0
0.1081391 0.4789807 -0.004335511 1

0.4765795 0.8755308 0.07948639 0
-0.2214823 0.2070727 -0.9529254 0
-0.8507748 0.4365397 0.2926011 0
-0.1093844 0.4789811 0.03384092 1

-0.09891248 -0.9880356 -0.1183308 0
0.5639805 -0.1536331 0.8113709 0
-0.8198429 0.01351848 0.5724288 0
-0.0007023176 0.7808285 -0.009673617 1

0.1616217 -0.982817 0.08915984 0
-0.07841463 0.07727212 0.9939216 0
-0.9837325 -0.1676307 -0.06457833 0
0.1662314 0.3524903 -0.07171599 1

0.130936 0.6972445 -0.704774 0
-0.2403591 -0.6673583 -0.7048835 0
-0.9618126 0.2616933 0.08020766 0
-0.1854321 0.3452726 0.01791261 1

-0.2292766 -0.9513694 -0.2057387 0
0.7845557 -0.3057328 0.539444 0
-0.5761117 -0.03773161 0.8164995 0
0.01661253 0.9124112 0.01201755 1

0.05237534 -0.9964282 -0.06624018 0
-0.1278239 -0.07247486 0.9891453 0
-0.990413 -0.04333971 -0.1311631 0
0.1867664 0.2210777 -0.04748838 1

0.1233064 0.9906287 0.05874352 0
-0.229754 0.086085 -0.9694343 0
-0.9654061 0.1060408 0.2382156 0
-0.1999509 0.2595924 0.1214785 1

0.07455277 -0.9971958 0.006521657 0
0.8139639 0.06462946 0.577309 0
-0.5761117 -0.03773158 0.8164996 0
0.03012817 1.069436 0.02881034 1

-0.453375 0.00923678 0.8912719 0
0.8833188 -0.1290264 0.4506664 0
0.1191603 0.9915982 0.05033819 0
0.07833511 0.9176092 -0.06092073 1

-0.6856781 -0.08383753 0.7230608 0
-0.7265552 0.1392933 -0.6728408 0
-0.04430817 -0.9866959 -0.156423 0
-0.0314825 0.9104168 0.09471928 1

-0.1440002 -0.06484041 0.9874511 0
-0.04403991 0.9972823 0.0590637 0
-0.9885972 -0.03498207 -0.1464643 0
0.2092502 0.2130012 -0.2203513 1

-0.2461078 0.07949428 -0.9659772 0
-0.1143121 -0.9920561 -0.05251641 0
-0.9624779 0.0974981 0.2532397 0
-0.241577 0.2539358 -0.04786369 1

-0.03403184 -0.9990093 -0.02867405 0
0.06482225 -0.03083671 0.9974202 0
-0.9973164 0.03208536 0.06580746 0
0.03867501 1.351349 0.02079903 1

0.05262639 0.8085815 0.586026 0
0.9686149 -0.1840914 0.16702 0
0.2429317 0.5588439 -0.792892 0
0.1251234 0.9100371 -0.1547774 1

-0.6609593 -0.6644977 0.348677 0
-0.3315992 -0.1581917 -0.9300629 0
0.6731827 -0.7303549 -0.1157887 0
-0.103723 0.8950488 0.1695569 1

0.895912 0.2403257 0.3736111 0
0.08088794 -0.9152216 0.3947492 0
0.4368054 -0.3234399 -0.8393973 0
0.1251169 0.7327563 -0.2797298 1

-0.06958915 -0.5304472 -0.8448568 0
0.3366925 0.7847259 -0.5204264 0
0.9390397 -0.320673 0.123989 0
-0.2429685 0.7529971 0.2560084 1

0.9437007 0.1549497 0.2922668 0
-0.2201544 0.9536209 0.2052801 0
-0.2469036 -0.2580667 0.9340451 0
-0.1053927 0.6764013 -0.3779694 1

0.04591276 0.01706192 -0.9987997 0
-0.9989378 0.004709815 -0.04583854 0
0.00392209 0.9998435 0.01726004 0
-0.2588693 0.6213866 0.03603884 1

-0.0459622 -0.2641923 0.9633743 0
-0.9745252 -0.2000684 -0.10136 0
0.2195193 -0.9434913 -0.2482664 0
-0.1540332 0.7070756 -0.4441673 1

0.7569884 -0.6529722 -0.02441906 0
0.5723928 0.644621 0.5067844 0
-0.3151752 -0.3976072 0.861727 0
-0.2085265 0.6547296 -0.4577607 1

0.5632524 -0.8241513 -0.05934759 0
0.8096251 0.5361202 0.2389192 0
-0.1650883 -0.1826212 0.9692242 0
-0.2327267 0.6339912 -0.379118 1

0.9536194 0.06756923 -0.2933339 0
0.1962324 0.5994071 0.7760181 0
0.2282615 -0.7975874 0.5583466 0
-0.2295219 0.6800238 -0.02217978 1

0.9410127 -0.07003309 -0.3310452 0
-0.3102482 0.2119345 -0.9267306 0
0.1350617 0.9747716 0.1777054 0
-0.2673307 0.6670349 -0.08772519 1

0.86945 0.0910277 0.4855627 0
0.4934511 -0.1127942 -0.8624288 0
-0.02373629 0.98944 -0.1429865 0
-0.2658292 0.5823098 -0.09217322 1

-0.9988191 0.001100773 -0.04857811 0
9.718165E-05 0.9997868 0.02065739 0
0.04859061 0.0206282 -0.9986058 0
-0.2359418 0.6416041 0.01841527 1

0.03967115 -0.2806903 0.9589784 0
-0.9950593 -0.09851558 0.01232862 0
0.09101388 -0.9547296 -0.2832116 0
-0.1515965 0.7263196 -0.5166911 1

0.01884071 -0.9435218 -0.3307751 0
0.9225635 -0.1111153 0.3695 0
-0.3853856 -0.3121226 0.868365 0
-0.2777024 0.7045601 -0.4653741 1

-0.1852179 -0.9289961 -0.3204076 0
0.9640868 -0.2349352 0.1238651 0
-0.1903453 -0.2859587 0.9391466 0
-0.2906504 0.6925434 -0.3778516 1

-0.04363086 -0.8228476 -0.566585 0
0.9962934 0.006247761 -0.08579507 0
0.07413626 -0.568228 0.8195246 0
-0.1582486 0.6847268 -0.04528741 1

0.7668444 -0.1272064 0.6291013 0
0.6418148 0.1444857 -0.7531255 0
0.004906233 0.9812965 0.1924409 0
-0.1905089 0.6679593 -0.1254602 1

-0.3359715 -0.01797674 0.9417008 0
0.9415984 0.01771244 0.3362727 0
-0.02272492 0.9996817 0.01097609 0
-0.1879369 0.5878683 -0.06596091 1

0.09400365 -0.3097256 0.9461678 0
-0.993414 -0.09172313 0.06867248 0
0.06551605 -0.9463919 -0.3163081 0
-0.1538817 0.743575 -0.5760976 1

0.003996823 -0.9513499 -0.3080871 0
0.9300793 -0.1096373 0.3506173 0
-0.3673377 -0.2879469 0.8843925 0
-0.2813193 0.7714076 -0.4476108 1

-0.1908071 -0.9362616 -0.2949701 0
0.9545915 -0.2470148 0.1665502 0
-0.2287966 -0.2497971 0.9408792 0
-0.2872369 0.7618328 -0.3594943 1

-0.09202559 -0.8421633 -0.5313122 0
0.9907583 -0.02404279 -0.1334943 0
0.09964974 -0.5386868 0.8365921 0
-0.1608018 0.6338709 -0.08049124 1

0.7638255 -0.1004527 0.6375577 0
0.645413 0.1244394 -0.7536294 0
-0.003633294 0.9871294 0.1598833 0
-0.1348683 0.6637571 -0.08442727 1

-0.3369627 0.009043416 0.9414747 0
0.9398327 0.06304078 0.3357693 0
-0.05631468 0.9979701 -0.0297416 0
-0.201737 0.5900063 0.004428691 1

-1 0 0 0
0 -1.192093E-07 0.9999999 0
0 0.9999999 1.192093E-07 0
0 0 0 1

0.04246867 -0.9690034 0.2433694 0
0.165767 0.247047 0.9547192 0
-0.9852501 -0.0002030338 0.1711206 0
-1.762807E-05 0.4650341 0.01820797 1

0.01414172 -0.9917817 0.1271576 0
0.3402729 0.1243536 0.9320678 0
-0.9402204 0.03008725 0.339235 0
-0.005606588 0.6025417 -0.01380833 1

0.304596 -0.8963946 -0.3220218 0
-0.02239708 -0.3447342 0.938433 0
-0.9522183 -0.2786306 -0.1250813 0
0.1081797 0.4519314 -0.004147211 1

0.4615374 0.8784006 0.1240792 0
-0.208282 0.2432542 -0.9473363 0
-0.8623236 0.4113876 0.2952259 0
-0.1094109 0.451887 0.03364434 1

-0.09857966 -0.9917488 -0.08195201 0
0.5635944 -0.1235136 0.8167654 0
-0.8201484 0.03432874 0.57112 0
-0.000711319 0.7538133 -0.01365722 1

0.1589661 -0.9868014 0.03086483 0
-0.01824293 0.02832117 0.9994323 0
-0.9871156 -0.159439 -0.01350004 0
0.1569487 0.3153314 -0.05778209 1

0.09495354 0.6767219 -0.7300899 0
-0.2394633 -0.6963412 -0.6765842 0
-0.9662511 0.2390738 0.09592996 0
-0.1830956 0.3178497 0.01085172 1

-0.2121844 -0.9666726 -0.1432542 0
0.7897673 -0.2559639 0.5574497 0
-0.5755393 0.005144603 0.8177579 0
0.01655606 0.88611 0.003187289 1

0.03293345 -0.9993356 -0.01561174 0
-0.09702026 -0.01874299 0.9951059 0
-0.9947374 -0.03125762 -0.09757298 0
0.1781253 0.1828272 -0.04128744 1

0.09402437 0.9951614 -0.0285151 0
-0.2682973 -0.002253999 -0.9633335 0
-0.9587366 0.09822737 0.2667871 0
-0.1926278 0.2352502 0.1174549 1

0.09236509 -0.9931723 0.07125489 0
0.8125413 0.1165423 0.5711344 0
-0.5755392 0.005144647 0.817758 0
0.02725858 1.044111 0.00972575 1

-0.4536794 0.05905804 0.8892059 0
0.885377 -0.08366704 0.4572825 0
0.1014035 0.994742 -0.01433063 0
0.07819322 0.8876569 -0.06999166 1

-0.6842417 -0.0488868 0.7276151 0
-0.7287694 0.08226719 -0.6797996 0
-0.02662553 -0.9954105 -0.09191791 0
-0.03151529 0.8886376 0.08588823 1

-0.1131081 -0.01090084 0.9935226 0
-0.02482087 0.9996588 0.00814259 0
-0.9932728 -0.02373912 -0.11334 0
0.1948611 0.1653878 -0.214049 1

-0.2842945 -0.008992825 -0.9586949 0
-0.08476371 -0.9958044 0.03447696 0
-0.9549825 0.09106416 0.2823394 0
-0.2403402 0.2141799 -0.04906531 1

-0.0224089 -0.999608 -0.01678152 0
0.06474207 -0.01820144 0.9977359 0
-0.9976504 0.02127167 0.06512463 0
0.03252026 1.325989 -0.001639897 1

0.0297839 0.8246949 0.5647932 0
0.9694819 -0.1613969 0.1845424 0
0.2433471 0.5420603 -0.8043336 0
0.1251317 0.8748362 -0.1632012 1

-0.6365939 -0.6634566 0.3931581 0
-0.351791 -0.203851 -0.9136126 0
0.6862881 -0.7199098 -0.1036279 0
-0.1034874 0.8768796 0.1616334 1

0.9159586 0.1962087 0.3500315 0
0.04349747 -0.9157116 0.3994748 0
0.3989086 -0.3506768 -0.8472885 0
0.1300825 0.6943322 -0.2833495 1

-0.09201565 -0.5367438 -0.8387128 0
0.3175304 0.7824975 -0.5356044 0
0.9437732 -0.3156007 0.09843068 0
-0.2372188 0.7355903 0.2575249 1

0.9437158 0.1603034 0.2893156 0
-0.2202205 0.957164 0.1879911 0
-0.2467871 -0.2411234 0.9385927 0
-0.1053571 0.6493066 -0.3755614 1

0.04623514 0.0002157538 -0.9989306 0
-0.9989268 0.002841292 -0.04623441 0
0.002828185 0.9999961 0.0003469437 0
-0.2589895 0.6023489 0.03904278 1

-0.04584216 -0.2466986 0.9680077 0
-0.9745172 -0.2019586 -0.09761973 0
0.2195801 -0.9478151 -0.2311538 0
-0.154007 0.6787722 -0.4422991 1

0.7570451 -0.6532402 -0.01266136 0
0.572385 0.6537477 0.4949641 0
-0.3150532 -0.3819574 0.8688214 0
-0.2084969 0.6261836 -0.4549364 1

0.5633212 -0.8250411 -0.04446321 0
0.8096005 0.5404328 0.2290844 0
-0.1649749 -0.1650456 0.9723908 0
-0.2326874 0.6068714 -0.3759284 1

0.9536455 0.06364107 -0.2941268 0
0.1953152 0.6126613 0.7658318 0
0.2289386 -0.7877793 0.5718315 0
-0.229686 0.6600251 -0.02014988 1

0.9412014 -0.07459314 -0.3295093 0
-0.3101622 0.1958899 -0.9302833 0
0.1339402 0.9777848 0.1612357 0
-0.2674584 0.645888 -0.08547849 1

0.8691845 0.1001784 0.4842347 0
0.493868 -0.1268254 -0.8602384 0
-0.02476412 0.9868534 -0.1597096 0
-0.2658631 0.5611014 -0.0884922 1

-0.998803 -0.0008133517 -0.04891271 0
-0.000997711 0.9999926 0.003743529 0
0.0489092 0.003787845 -0.9987962 0
-0.236078 0.6222904 0.02108717 1

0.03979231 -0.263266 0.9639025 0
-0.9950492 -0.09836445 0.01421264 0
0.09107225 -0.9596958 -0.2658767 0
-0.1515794 0.6966992 -0.5151601 1

0.01889336 -0.9493582 -0.313628 0
0.9226105 -0.1043204 0.371359 0
-0.3852705 -0.2963727 0.8739167 0
-0.2776781 0.6758619 -0.4634444 1

-0.1851657 -0.934665 -0.3035047 0
0.9641205 -0.2325667 0.1280035 0
-0.1902255 -0.2689133 0.9441928 0
-0.2906163 0.6654318 -0.3757173 1

-0.04254217 -0.8323603 -0.5525998 0
0.9963154 0.0058855 -0.0855667 0
0.07447477 -0.5542038 0.8290429 0
-0.15841 0.6644145 -0.04331074 1

0.7667674 -0.1157087 0.631411 0
0.6419143 0.1324283 -0.7552543 0
0.003772829 0.9844159 0.1758168 0
-0.1906247 0.6462581 -0.1231989 1

-0.3362733 -0.002413608 0.9417616 0
0.9414639 0.02442753 0.3362294 0
-0.02381639 0.9996987 -0.005941987 0
-0.1879859 0.5671878 -0.06235251 1

0.09412617 -0.2925238 0.9516147 0
-0.9933989 -0.09055219 0.07042377 0
0.06557027 -0.9519614 -0.2991161 0
-0.1538721 0.7128753 -0.5748692 1

0.004052363 -0.9567754 -0.2908005 0
0.9301243 -0.1031842 0.3524517 0
-0.3672233 -0.2719088 0.8895016 0
-0.2812994 0.7430199 -0.4468948 1

-0.1907516 -0.9414688 -0.2779392 0
0.9546305 -0.2438718 0.1709014 0
-0.22868 -0.2327296 0.9452739 0
-0.2872071 0.7350426 -0.3586186 1

-0.09092773 -0.8511295 -0.5170213 0
0.9908293 -0.02521372 -0.1327482 0
0.09995015 -0.5243501 0.8456162 0
-0.1608959 0.6129676 -0.07765006 1

0.7637168 -0.08881908 0.6394128 0
0.6455344 0.1123805 -0.7554179 0
-0.004762016 0.9896878 0.1431625 0
-0.1349936 0.6428112 -0.08208279 1

-0.3372938 0.02459784 0.9410782 0
0.9396489 0.06973881 0.3349586 0
-0.05739046 0.9972621 -0.04663577 0
-0.2018123 0.5705009 0.007986389 1

-1 0 0 0
0 -1.192093E-07 0.9999999 0
0 0.9999999 1.192093E-07 0
0 0 0 1

0.04232383 -0.9689904 0.2434456 0
0.1645538 0.247097 0.9549162 0
-0.9854595 -0.00035586 0.1699092 0
-4.722457E-05 0.4189949 0.01822463 1

0.01400421 -0.9872915 0.1583004 0
0.3398989 0.1535887 0.9278356 0
-0.9403576 0.0408125 0.3377302 0
-0.005618729 0.5565009 -0.01380195 1

0.2790248 -0.8917217 -0.3563386 0
-0.01696328 -0.3755954 0.9266283 0
-0.9601339 -0.2525077 -0.119927 0
0.1081796 0.405909 -0.003997197 1

0.4623732 0.8620629 0.2075056 0
-0.1879558 0.3239959 -0.9271998 0
-0.8665352 0.3897104 0.3118367 0
-0.1094573 0.4058307 0.03352682 1

-0.09878949 -0.9944182 -0.03705199 0
0.56396 -0.08662561 0.821246 0
-0.8198716 0.06023464 0.5693699 0
-0.0007105554 0.707702 -0.01840763 1

0.1120252 -0.9872173 0.1133663 0
-0.00396482 0.1136395 0.9935141 0
-0.9936973 -0.1117481 0.008816385 0
0.1529856 0.2701214 -0.06289401 1

0.01618256 0.5985445 -0.8009263 0
-0.2395791 -0.7753752 -0.5842906 0
-0.9707418 0.2013403 0.1308511 0
-0.1831901 0.2746326 -0.002046384 1

-0.1904502 -0.9796749 -0.0629719 0
0.7962587 -0.1916759 0.5737876 0
-0.5741956 0.05913605 0.8165796 0
0.01658762 0.8406208 -0.007560618 1

0.01853105 -0.9997609 0.01158708 0
-0.06557646 0.0103489 0.9977939 0
-0.9976753 -0.01925008 -0.06536895 0
0.1678017 0.1385851 -0.03538839 1

0.04491162 0.9896357 -0.1363976 0
-0.3105451 -0.1159406 -0.9434617 0
-0.949497 0.08472985 0.3021194 0
-0.1822793 0.2035861 0.1129726 1

0.1149653 -0.9816816 0.151933 0
0.8106061 0.1811177 0.5568787 0
-0.5741956 0.05913607 0.8165796 0
0.02371686 0.9988268 -0.0140047 1

-0.4534747 0.1214398 0.8829569 0
0.8877777 -0.02605254 0.459534 0
0.07880904 0.9922567 -0.09599742 0
0.0780564 0.8375564 -0.08083329 1

-0.6817895 -0.00451937 0.7315342 0
-0.731536 0.009961238 -0.6817297 0
-0.004206058 -0.99994 -0.01009759 0
-0.03139594 0.848829 0.07482196 1

-0.08159596 0.01838094 0.9964959 0
-0.01065634 0.9997564 -0.01931345 0
-0.9966084 -0.01219503 -0.08138023 0
0.1787938 0.1161066 -0.2080811 1

-0.3259787 -0.1228293 -0.9373639 0
-0.03537454 -0.9892448 0.1419293 0
-0.9447148 0.07942457 0.3181276 0
-0.2362919 0.1629674 -0.04788191 1

-0.008200221 -0.9999586 -0.003887236 0
0.06694579 -0.004427596 0.9977466 0
-0.9977229 0.007921515 0.06697929 0
0.02492227 1.280582 -0.0290015 1

-0.0004717968 0.8338103 0.5520508 0
0.9695106 -0.1348978 0.2045766 0
0.2450486 0.5353156 -0.8083243 0
0.1251237 0.8182069 -0.1728428 1

-0.611598 -0.6438484 0.4597898 0
-0.3876469 -0.2627502 -0.8835677 0
0.6896936 -0.7186245 -0.08888845 0
-0.1029612 0.8416966 0.1515229 1

0.9426208 0.1070668 0.3162319 0
-0.02569477 -0.9211106 0.3884518 0
0.3328749 -0.3742883 -0.8655071 0
0.1366273 0.636041 -0.2899953 1

-0.1191002 -0.5247387 -0.8428905 0
0.3026611 0.7893418 -0.5341681 0
0.9456274 -0.3187295 0.06480696 0
-0.2308569 0.7053468 0.2614917 1

0.9436151 0.1647382 0.2871439 0
-0.2198197 0.9603654 0.1713996 0
-0.2475272 -0.2248552 0.9424281 0
-0.105249 0.613938 -0.3734663 1

0.04538251 -0.01912468 -0.9987865 0
-0.9989595 0.003606712 -0.04545915 0
0.004471842 0.9998105 -0.01894092 0
-0.2596695 0.5752309 0.04194888 1

-0.04660442 -0.2300325 0.9720668 0
-0.9745634 -0.2030823 -0.09478186 0
0.2192125 -0.9517579 -0.2147168 0
-0.1538394 0.6422805 -0.4407318 1

0.7566963 -0.6537659 -0.0009560768 0
0.5724205 0.661836 0.4840534 0
-0.3158248 -0.3668289 0.875038 0
-0.2083498 0.589512 -0.4525009 1

0.5628994 -0.8259834 -0.02993361 0
0.8097464 0.54385 0.2203127 0
-0.1656954 -0.1482525 0.97497 0
-0.232602 0.5715709 -0.3731892 1

0.9534969 0.05637461 -0.2960835 0
0.1969755 0.6269909 0.753713 0
0.2281317 -0.7769839 0.5867293 0
-0.2303219 0.6317062 -0.01836913 1

0.9407955 -0.08249533 -0.3287832 0
-0.3106339 0.1784279 -0.9336326 0
0.1356846 0.9804885 0.1422384 0
-0.2681732 0.6163746 -0.08338188 1

0.8697607 0.1080554 0.4814976 0
0.4929242 -0.1442103 -0.8580379 0
-0.02327864 0.9836295 -0.1786916 0
-0.2667198 0.5315432 -0.08476119 1

-0.998844 -9.903855E-05 -0.04806657 0
0.0006488003 0.9998789 -0.01554179 0
0.04806232 -0.01555511 -0.9987233 0
-0.2367407 0.5947844 0.02359322 1

0.03902368 -0.2467136 0.9683025 0
-0.9951116 -0.09757424 0.01524329 0
0.0907207 -0.9641638 -0.2493153 0
-0.1513548 0.6589537 -0.5138878 1

0.01857835 -0.9546083 -0.2972842 0
0.9223121 -0.09842804 0.3737005 0
-0.3859988 -0.2811317 0.8786184 0
-0.2774984 0.6390741 -0.4619053 1

-0.185479 -0.9396346 -0.2875488 0
0.9639099 -0.230852 0.132608 0
-0.1909844 -0.2525751 0.9485415 0
-0.2904992 0.6301572 -0.3740206 1

-0.04438179 -0.8427902 -0.5364094 0
0.99625 0.002580995 -0.08648344 0
0.07427166 -0.5382359 0.839515 0
-0.1590586 0.6355298 -0.04166891 1

0.7671151 -0.1047831 0.6328941 0
0.6414859 0.1167737 -0.7581954 0
0.00554065 0.9876156 0.1567958 0
-0.1913713 0.6158897 -0.1211655 1

-0.3354725 0.01630612 0.9419091 0
0.9417891 0.02934462 0.3349214 0
-0.02217864 0.9994363 -0.02520104 0
-0.1888104 0.5380032 -0.05880777 1

0.09334937 -0.276207 0.9565542 0
-0.9934934 -0.08879972 0.07131344 0
0.06524451 -0.9569871 -0.2826993 0
-0.1536 0.6741044 -0.5738671 1

0.003718603 -0.9616247 -0.2743427 0
0.9298387 -0.09762025 0.3547815 0
-0.3679481 -0.2564139 0.8937932 0
-0.2810937 0.706508 -0.4465126 1

-0.1910853 -0.945996 -0.2618739 0
0.9543862 -0.2414146 0.1756875 0
-0.2294199 -0.2163577 0.9489762 0
-0.2870631 0.7000493 -0.3581164 1

-0.09276776 -0.8607894 -0.5004355 0
0.9906725 -0.02941318 -0.1330521 0
0.09981038 -0.5081105 0.8554889 0
-0.1616583 0.5834345 -0.0750076 1

0.7641152 -0.07773902 0.6403784 0
0.6450728 0.09672042 -0.7579752 0
-0.00301332 0.9922708 0.124053 0
-0.1357109 0.6131441 -0.08003633 1

-0.3364491 0.04330087 0.9407058 0
0.9400475 0.07462594 0.3327785 0
-0.05579135 0.9962708 -0.0658127 0
-0.2025713 0.5426951 0.01146553 1

-1 0 0 0
0 -1.192093E-07 0.9999999 0
0 0.9999999 1.192093E-07 0
0 0 0 1

0.04222214 -0.9689856 0.2434831 0
0.1645402 0.2471167 0.9549134 0
-0.9854663 -0.0002557242 0.1698708 0
-8.274475E-05 0.3725689 0.01823165 1

0.0139819 -0.9827806 0.1842458 0
0.340533 0.1779289 0.9232433 0
-0.9401285 0.04983313 0.337157 0
-0.005639917 0.5100743 -0.01380023 1

0.2164015 -0.9340776 -0.2840231 0
0.000685012 -0.2907712 0.9567922 0
-0.9763042 -0.2072459 -0.06228347 0
0.1081437 0.3594718 -0.003985472 1

0.4651245 0.8379312 0.2855352 0
-0.169284 0.4007879 -0.9003953 0
-0.8689086 0.3704594 0.3282646 0
-0.1094947 0.3594157 0.03353008 1

-0.09910852 -0.9950721 0.002948925 0
0.5652413 -0.05385813 0.8231655 0
-0.8189504 0.08324961 0.5677936 0
-0.0007153214 0.6611008 -0.02239083 1

0.09264743 -0.9933478 0.06838486 0
0.05063472 0.07329167 0.9960242 0
-0.9944107 -0.08881639 0.05708821 0
0.1432202 0.216694 -0.05193114 1

-0.08009422 0.476829 -0.8753392 0
-0.2148505 -0.8657773 -0.4519613 0
-0.9733573 0.1518676 0.1717907 0
-0.1835758 0.2322484 -0.01396095 1

-0.1685419 -0.9856037 0.01336086 0
0.8025293 -0.1293401 0.5824241 0
-0.5723113 0.1088854 0.8127752 0
0.01663486 0.7943417 -0.01690172 1

0.007739268 -0.9999376 0.008054568 0
-0.03566853 0.007773608 0.9993334 0
-0.9993337 -0.008021386 -0.03560614 0
0.1563563 0.08386763 -0.03042502 1

-0.02151014 0.9722054 -0.2331391 0
-0.3371637 -0.2265863 -0.9137719 0
-0.9412003 0.05895076 0.3326663 0
-0.1698358 0.1786966 0.1094133 1

0.1376465 -0.9643271 0.2261114 0
0.8084017 0.2412818 0.5369077 0
-0.5723113 0.1088854 0.8127752 0
0.02016991 0.9517055 -0.03549414 1

-0.4527776 0.1787649 0.873519 0
0.8898601 0.02901451 0.4553098 0
0.05604868 0.9834638 -0.1722129 0
0.07788141 0.7870268 -0.09005937 1

-0.6787614 0.03651628 0.7334504 0
-0.7341306 -0.05864293 -0.6764712 0
0.01830955 -0.9976108 0.06661221 0
-0.03121177 0.8077826 0.0648707 1

-0.05162928 0.0159862 0.9985383 0
-9.9089E-05 0.9998718 -0.0160127 0
-0.9986663 -0.0009256204 -0.05162104 0
0.1619407 0.06184032 -0.2033746 1

-0.3519069 -0.2337218 -0.906386 0
0.03120113 -0.9707157 0.238196 0
-0.9355149 0.05554263 0.3488939 0
-0.2271078 0.1192286 -0.04434402 1

0.005428858 -0.9999775 0.00391151 0
0.07184341 0.00429149 0.9974065 0
-0.9974011 -0.005133702 0.07186497 0
0.01745276 1.233322 -0.05269693 1

-0.01955743 0.8287005 0.5593504 0
0.9677618 -0.1248196 0.2187627 0
0.2511066 0.5455963 -0.7995436 0
0.1250273 0.7617208 -0.1805717 1

-0.5911875 -0.6047956 0.533591 0
-0.4339458 -0.3191446 -0.8425187 0
0.6798444 -0.7296362 -0.07377418 0
-0.1023096 0.8049728 0.1422837 1

0.9606952 -0.02491918 0.2764849 0
-0.1266497 -0.9256167 0.3566419 0
0.2470319 -0.377641 -0.8923915 0
0.1406438 0.5807794 -0.2991389 1

-0.1402829 -0.4867928 -0.8621796 0
0.3002908 0.8088566 -0.5055457 0
0.9434756 -0.3298239 0.03271074 0
-0.2252413 0.6777438 0.267753 1

0.9436983 0.1666362 0.2857729 0
-0.218892 0.9622502 0.1617451 0
-0.2480323 -0.215192 0.944549 0
-0.1052879 0.5925894 -0.3722161 1

0.04684398 -0.02732377 -0.9985283 0
-0.9988898 0.00375106 -0.04696373 0
0.005028889 0.9996195 -0.02711768 0
-0.2595058 0.5574816 0.04342091 1

-0.04712382 -0.2202772 0.9742986 0
-0.9747419 -0.2030282 -0.09304728 0
0.2183063 -0.9540744 -0.2051462 0
-0.1538297 0.6203086 -0.4397757 1

0.7560307 -0.654511 0.00579473 0
0.5729522 0.6660503 0.4776014 0
-0.3164549 -0.3577611 0.8785577 0
-0.2083904 0.5674809 -0.4510344 1

0.5620668 -0.8268121 -0.02152241 0
0.8102353 0.5451982 0.2151229 0
-0.1661322 -0.1383515 0.9763501 0
-0.232684 0.5503564 -0.371555 1

0.9539623 0.0534558 -0.2951254 0
0.1961963 0.6330382 0.7488458 0
0.2268558 -0.7722729 0.5934064 0
-0.2300395 0.6134461 -0.0173139 1

0.9412354 -0.08567069 -0.3267061 0
-0.3091634 0.1709397 -0.9355201 0
0.1359938 0.98155 0.1344082 0
-0.2678031 0.5976024 -0.08225488 1

0.8691078 0.1115437 0.481882 0
0.4941117 -0.1514846 -0.8560994 0
-0.02249465 0.9821459 -0.1867713 0
-0.2663925 0.5127618 -0.08293761 1

-0.9987723 2.395207E-05 -0.04954042 0
0.001200937 0.999718 -0.02372475 0
0.04952589 -0.02375525 -0.9984905 0
-0.2365396 0.5768723 0.02493973 1

0.03848823 -0.237082 0.970727 0
-0.9952149 -0.09640696 0.01591386 0
0.08981206 -0.9666948 -0.2396583 0
-0.1513066 0.6362488 -0.5130935 1

0.01769359 -0.9575449 -0.287742 0
0.922102 -0.09563179 0.3749436 0
-0.3865427 -0.2719615 0.8812616 0
-0.2774857 0.6170168 -0.4609537 1

-0.1863513 -0.9422677 -0.2782182 0
0.9636356 -0.2304963 0.1351968 0
-0.1915197 -0.2429069 0.9509558 0
-0.2905212 0.6089903 -0.3729884 1

-0.04403723 -0.8471302 -0.5295577 0
0.9963776 0.001357737 -0.08502901 0
0.07274963 -0.5313838 0.8440017 0
-0.1587399 0.617042 -0.04053884 1

0.7661262 -0.09999525 0.6348638 0
0.6426643 0.1102313 -0.7581769 0
0.005832318 0.9888632 0.1487145 0
-0.1909458 0.5967684 -0.1199197 1

-0.3368515 0.0241897 0.9412472 0
0.94131 0.03159836 0.3360617 0
-0.0216125 0.9992079 -0.03341384 0
-0.1885181 0.5193937 -0.05692282 1

0.09278744 -0.2667463 0.9592901 0
-0.9936043 -0.08707523 0.07189412 0
0.06435298 -0.9598255 -0.2731197 0
-0.1535187 0.6508027 -0.5732219 1

0.002819952 -0.9643171 -0.2647361 0
0.929635 -0.09502045 0.3560199 0
-0.3684713 -0.2471118 0.8961948 0
-0.2810168 0.6846046 -0.4462354 1

-0.1919716 -0.9483669 -0.2524831 0
0.9540883 -0.2406189 0.1783763 0
-0.2299184 -0.2066478 0.9510177 0
-0.2870187 0.6790341 -0.3577811 1

-0.09248577 -0.8648094 -0.4935093 0
0.9908521 -0.0310137 -0.1313425 0
0.09828063 -0.5011418 0.8597662 0
-0.1613181 0.5646768 -0.07345384 1

0.7631297 -0.07288941 0.6421221 0
0.6462404 0.09017874 -0.7577872 0
-0.002670988 0.9932548 0.115922 0
-0.1353475 0.5943309 -0.0786872 1

-0.3378122 0.05117436 0.9398214 0
0.9395958 0.0768614 0.3335457 0
-0.05516706 0.9957277 -0.07404784 0
-0.2023801 0.5246678 0.01328935 1

-1 0 0 0
0 -1.192093E-07 0.9999999 0
0 0.9999999 1.192093E-07 0
0 0 0 1

0.04230976 -0.9689913 0.2434456 0
0.1651579 0.2470948 0.9548125 0
-0.9853593 -0.0001909936 0.170491 0
-8.555083E-05 0.3402007 0.01823275 1

0.01406138 -0.9806913 0.1950558 0
0.3414328 0.1880591 0.9209003 0
-0.9398011 0.05364922 0.3374844 0
-0.00565357 0.4777068 -0.01379409 1

0.1644452 -0.9421056 -0.2922238 0
-0.001212005 -0.2964499 0.9550476 0
-0.9863855 -0.1566989 -0.04989162 0
0.108126 0.3270966 -0.004052629 1

0.4627431 0.8227851 0.3299909 0
-0.1639139 0.4452378 -0.8802818 0
-0.8712068 0.3532541 0.3408965 0
-0.1094888 0.3270547 0.03359989 1

-0.09925902 -0.9947588 0.02455127 0
0.5665905 -0.03621836 0.823203 0
-0.8179993 0.09562079 0.5672159 0
-0.0007223454 0.6286289 -0.02405387 1

0.03352422 -0.9945937 0.09828302 0
0.06341106 0.1002568 0.9929388 0
-0.9974243 -0.02705534 0.06642924 0
0.1351966 0.183018 -0.05327903 1

-0.1818578 0.3235947 -0.9285552 0
-0.1511561 -0.9422778 -0.298773 0
-0.9716376 0.08602236 0.2202736 0
-0.1831823 0.2023926 -0.02065456 1

-0.151338 -0.9864616 0.06316886 0
0.807036 -0.08640505 0.5841463 0
-0.5707799 0.139383 0.8091865 0
0.0166577 0.7619539 -0.02146542 1

0.001630757 -0.9999858 0.005093827 0
-0.01866088 0.005062401 0.999813 0
-0.9998245 -0.001725541 -0.0186524 0
0.1404884 0.05035263 -0.0277882 1

-0.09547207 0.9461096 -0.3094554 0
-0.3350448 -0.3232792 -0.8850065 0
-0.9373528 0.01918782 0.3478529 0
-0.1567063 0.1704442 0.1080158 1

0.1553041 -0.949373 0.273078 0
0.8062822 0.2815374 0.5202363 0
-0.5707799 0.139383 0.8091863 0
0.01738218 0.9182343 -0.04787384 1

-0.4522299 0.2142396 0.8657882 0
0.8910809 0.06689925 0.4488868 0
0.03824881 0.9744874 -0.2211587 0
0.07772164 0.7520574 -0.09447183 1

-0.6762806 0.06134016 0.7340857 0
-0.7357683 -0.1048263 -0.6690711 0
0.0359104 -0.9925969 0.1160243 0
-0.03107957 0.7786264 0.05977413 1

-0.03458129 0.01337661 0.9993123 0
0.00587279 0.999896 -0.01318116 0
-0.9993846 0.005412884 -0.03465623 0
0.1430004 0.02879863 -0.2008792 1

-0.34911 -0.3308149 -0.8767464 0
0.1051132 -0.9435335 0.3141601 0
-0.9311678 0.01751868 0.3641697 0
-0.2120685 0.0948472 -0.03916742 1

0.01558965 -0.9998784 0.0005956143 0
0.07721451 0.001797781 0.9970128 0
-0.9968926 -0.01549717 0.07723315 0
0.01169673 1.199865 -0.06411943 1

-0.01438124 0.8011075 0.5983475 0
0.9648763 -0.1458668 0.2184872 0
0.2623108 0.5804734 -0.7708719 0
0.1249282 0.723089 -0.1838464 1

-0.5862628 -0.5570554 0.588205 0
-0.4773708 -0.3490792 -0.8063874 0
0.6545324 -0.7535468 -0.06126964 0
-0.1017994 0.7784545 0.1375822 1

0.9579962 -0.1642667 0.2350744 0
-0.2323937 -0.9249661 0.3007177 0
0.168038 -0.3427162 -0.9242882 0
0.1393896 0.5478768 -0.3108619 1

-0.1485837 -0.4240385 -0.8933723 0
0.3176042 0.8350774 -0.4491921 0
0.9365098 -0.3504812 0.01059759 0
-0.2231529 0.6619171 0.2744545 1

0.943145 0.1649646 0.2885563 0
-0.2205618 0.9600814 0.1720372 0
-0.2486574 -0.2259004 0.9418805 0
-0.1052211 0.5954648 -0.3729826 1

0.04754798 -0.02181017 -0.9986308 0
-0.9988508 0.004986019 -0.04766754 0
0.006019112 0.9997497 -0.02154818 0
-0.2594484 0.5579273 0.04245163 1

-0.04777163 -0.2309988 0.9717807 0
-0.9743279 -0.2035116 -0.09627278 0
0.2200074 -0.9514322 -0.2153468 0
-0.1537374 0.6238464 -0.4402849 1

0.7570473 -0.65336 -0.0005839053 0
0.5714227 0.6616731 0.4854536 0
-0.3167897 -0.3678449 0.8742623 0
-0.2082038 0.5710602 -0.4521776 1

0.5633812 -0.825653 -0.02998545 0
0.8091619 0.5440694 0.2219144 0
-0.16691 -0.1492855 0.9746051 0
-0.2325516 0.5530292 -0.3729155 1

0.9542291 0.05416809 -0.2941303 0
0.1962629 0.6286679 0.7525009 0
0.2256717 -0.7757852 0.5892619 0
-0.2298834 0.6142002 -0.01794929 1

0.9413905 -0.08476786 -0.3264944 0
-0.308313 0.1764463 -0.9347782 0
0.136848 0.9806534 0.1399697 0
-0.2676147 0.5987552 -0.0830048 1

0.8688626 0.1080122 0.4831266 0
0.4945903 -0.1471978 -0.8565706 0
-0.02140471 0.9831917 -0.1813165 0
-0.2662861 0.5139183 -0.08415888 1

-0.9987351 0.001273228 -0.05026473 0
0.002188697 0.9998328 -0.0181576 0
0.05023324 -0.0182445 -0.998571 0
-0.2364499 0.5773982 0.02409536 1

0.03787027 -0.2476306 0.9681144 0
-0.9950785 -0.09812114 0.01382707 0
0.09156836 -0.9638734 -0.2501278 0
-0.1511645 0.6405919 -0.5134214 1

0.0194847 -0.9543101 -0.2981834 0
0.921868 -0.0982967 0.3748297 0
-0.387014 -0.282189 0.8778323 0
-0.2773664 0.6205943 -0.4616258 1

-0.1845934 -0.9394549 -0.2887044 0
0.9638569 -0.2304648 0.1336647 0
-0.1921082 -0.2535959 0.948042 0
-0.2904791 0.6115855 -0.3737672 1

-0.04447207 -0.8441256 -0.5342976 0
0.9964403 0.0008598946 -0.08429652 0
0.0716162 -0.5361449 0.8410826 0
-0.1585633 0.617856 -0.04110206 1

0.7655639 -0.1042747 0.6348534 0
0.6433252 0.113824 -0.7570844 0
0.006683365 0.9880136 0.1542218 0
-0.1907308 0.598056 -0.1206178 1

-0.3375161 0.01927771 0.9411225 0
0.9410941 0.02880952 0.3369159 0
-0.02061807 0.9993989 -0.02786599 0
-0.1884242 0.5203295 -0.05805099 1

0.09222748 -0.2770835 0.9564096 0
-0.9935398 -0.08940007 0.06990775 0
0.06613269 -0.9566781 -0.2835386 0
-0.1533382 0.6557994 -0.573389 1

0.004598219 -0.9613567 -0.2752683 0
0.9294194 -0.0974666 0.3559218 0
-0.3689971 -0.2574764 0.893055 0
-0.2810182 0.6880114 -0.4461725 1

-0.1902304 -0.9458441 -0.2630432 0
0.9542814 -0.2410743 0.1767211 0
-0.2305635 -0.2173996 0.9484609 0
-0.2871015 0.681464 -0.3577908 1

-0.09296415 -0.8619578 -0.4983835 0
0.9909171 -0.03124774 -0.1307935 0
0.09716519 -0.506016 0.8570337 0
-0.1611683 0.5656773 -0.07430993 1

0.7625883 -0.07720666 0.6422603 0
0.6468816 0.093766 -0.7568038 0
-0.001791641 0.992596 0.1214483 0
-0.1351651 0.5953347 -0.07935924 1

-0.3384496 0.04627073 0.9398463 0
0.9394256 0.07408759 0.3346507 0
-0.05414619 0.9961777 -0.06854301 0
-0.2023325 0.5252261 0.01217931 1

-1 0 0 0
0 -1.192093E-07 0.9999999 0
0 0.9999999 1.192093E-07 0
0 0 0 1

0.04239714 -0.968998 0.2434032 0
0.1653045 0.247068 0.954794 0
-0.9853308 -0.0002448762 0.1706547 0
-4.806649E-05 0.3380283 0.01822471 1

0.01418847 -0.9827914 0.1841726 0
0.3413307 0.1778875 0.9229568 0
-0.9398361 0.04976842 0.3379808 0
-0.005628068 0.4755354 -0.01379619 1

0.08075425 -0.9293159 -0.3603477 0
-0.02667899 -0.3634142 0.9312455 0
-0.9963769 -0.06558833 -0.05414044 0
0.1081604 0.3249303 -0.004079131 1

0.3842215 0.871242 0.3054692 0
-0.1788183 0.3948275 -0.9011856 0
-0.9057581 0.2916314 0.3074951 0
-0.1094481 0.3248765 0.03360954 1

-0.09897318 -0.9949331 0.01767017 0
0.5666974 -0.0417592 0.822867 0
-0.8179599 0.09145544 0.5679591 0
-0.0007179994 0.6265627 -0.02238172 1

-0.08792308 -0.986999 0.1345449 0
0.05736344 0.1298271 0.9898759 0
-0.9944742 0.0947509 0.04520287 0
0.1224215 0.1829669 -0.06372546 1

-0.2292861 0.1431212 -0.9627796 0
-0.02268273 -0.9896482 -0.1417136 0
-0.9730948 -0.01065462 0.2301588 0
-0.1711265 0.1924029 -0.01700082 1

-0.1440749 -0.9872515 0.06765126 0
0.8084049 -0.07799497 0.5834365 0
-0.5707223 0.1387483 0.8093362 0
0.01662441 0.7598715 -0.01887164 1

0.001676634 -0.9999858 0.005058229 0
-0.01915251 0.005025282 0.999804 0
-0.9998152 -0.001773169 -0.01914379 0
0.1110529 0.05170593 -0.03340682 1

-0.1813164 0.9133759 -0.3645131 0
-0.2902946 -0.4038501 -0.8675454 0
-0.9396027 -0.05148413 0.3383724 0
-0.1397038 0.1853932 0.1143051 1

0.1625629 -0.9470224 0.2769874 0
0.8048909 0.2896509 0.5179313 0
-0.5707222 0.1387483 0.8093362 0
0.01617748 0.9160367 -0.04595893 1

-0.4526466 0.2147099 0.865454 0
0.8911555 0.07532659 0.447401 0
0.03086977 0.9737686 -0.2254362 0
0.07766343 0.7501016 -0.091916 1

-0.6757504 0.0596148 0.7347159 0
-0.7358586 -0.1130808 -0.6676261 0
0.04328184 -0.9917957 0.1202824 0
-0.03112682 0.7765498 0.06235852 1

-0.03507302 0.01333813 0.9992957 0
0.005830906 0.9998966 -0.01314145 0
-0.9993677 0.005365897 -0.03514718 0
0.1136512 0.0301583 -0.2065521 1

-0.3036868 -0.4122237 -0.8589801 0
0.1906004 -0.9096197 0.3691399 0
-0.9335126 -0.05161913 0.3548092 0
-0.1855274 0.0964629 -0.02871235 1

0.01990681 -0.9996692 -0.01628256 0
0.07934403 -0.01465475 0.9967395 0
-0.9966485 -0.02113385 0.07902601 0
0.009242964 1.197874 -0.05744564 1

-0.007233661 0.7700771 0.6379097 0
0.9636903 -0.164914 0.21001 0
0.2669243 0.6162665 -0.740923 0
0.124963 0.7210888 -0.1812273 1

-0.6068821 -0.5374245 0.5855501 0
-0.4789253 -0.3406805 -0.8090533 0
0.6342908 -0.7714347 -0.05063345 0
-0.1017422 0.7762025 0.1402613 1

0.9523859 -0.2118474 0.2192756 0
-0.2665707 -0.9276367 0.2615921 0
0.1479905 -0.307589 -0.9399403 0
0.1378625 0.5523725 -0.3169109 1

-0.1312685 -0.3895766 -0.9115915 0
0.3377016 0.8469781 -0.4105921 0
0.9320551 -0.3617433 0.02037907 0
-0.2275434 0.6638176 0.2765899 1

0.9426632 0.1616754 0.2919707 0
-0.2221682 0.9568154 0.1874721 0
-0.2490526 -0.2415897 0.9378741 0
-0.1051118 0.612192 -0.3747448 1

0.04698756 -0.007658362 -0.9988661 0
-0.9988886 0.003387404 -0.04701441 0
0.003743965 0.9999651 -0.00749062 0
-0.2592751 0.5687432 0.04013091 1

-0.04818277 -0.2468692 0.9678503 0
-0.9739387 -0.2033966 -0.1003658 0
0.2216347 -0.9474627 -0.2306356 0
-0.1536185 0.6415923 -0.4416154 1

0.7580478 -0.6521127 -0.01061033 0
0.5700256 0.6545453 0.49663 0
-0.316914 -0.3825175 0.8678977 0
-0.2079946 0.5889242 -0.4544104 1

0.5646692 -0.8241978 -0.04297147 0
0.8081521 0.5416114 0.2314034 0
-0.1674486 -0.1653939 0.9719086 0
-0.2323771 0.5695676 -0.3754724 1

0.9539244 0.0604654 -0.2938919 0
0.1952994 0.6184692 0.7611535 0
0.2277863 -0.7834796 0.5781636 0
-0.2298743 0.6259269 -0.01948976 1

0.9413803 -0.07803063 -0.328199 0
-0.309282 0.188872 -0.9320258 0
0.1347144 0.9788969 0.153667 0
-0.2676105 0.6113124 -0.08473424 1

0.8689109 0.1031812 0.4840946 0
0.4943992 -0.1340156 -0.858842 0
-0.02373987 0.9855931 -0.1674601 0
-0.2660905 0.5265034 -0.08708195 1

-0.9987661 -0.0002882794 -0.04966362 0
-8.464232E-05 0.9999918 -0.004096925 0
0.04966465 -0.00408788 -0.9987578 0
-0.236332 0.5885225 0.02203701 1

0.0374874 -0.2633089 0.9639831 0
-0.9949374 -0.09984516 0.01141913 0
0.09324232 -0.9595309 -0.265719 0
-0.1510137 0.6595307 -0.5144674 1

0.02118193 -0.9492956 -0.3136709 0
0.9217219 -0.1029882 0.3739277 0
-0.3872723 -0.2970379 0.8728052 0
-0.2772256 0.6385005 -0.4631069 1

-0.1829262 -0.934907 -0.3041169 0
0.9641032 -0.2311467 0.1306761 0
-0.1924658 -0.2692961 0.9436295 0
-0.2903936 0.6280419 -0.3754172 1

-0.04288837 -0.8366284 -0.5460896 0
0.9963843 0.004308003 -0.08485308 0
0.07334277 -0.5477542 0.8334184 0
-0.1585769 0.6300697 -0.04263014 1

0.7661856 -0.1114521 0.632881 0
0.6426039 0.1259186 -0.7557814 0
0.00454209 0.9857604 0.1680966 0
-0.1907481 0.6113167 -0.1223979 1

-0.3369843 0.005276314 0.9414957 0
0.9412322 0.02620641 0.3367428 0
-0.02289628 0.9996429 -0.01379721 0
-0.1882275 0.5327236 -0.06093157 1

0.09189889 -0.2924847 0.9518444 0
-0.9934561 -0.09203634 0.06763552 0
0.06782196 -0.9518311 -0.2990287 0
-0.1531635 0.6757096 -0.574181 1

0.006288271 -0.956737 -0.2908858 0
0.9292869 -0.1018387 0.3550417 0
-0.3693052 -0.2725489 0.8884431 0
-0.2809929 0.7056513 -0.4465606 1

-0.1885735 -0.9417218 -0.2785678 0
0.9545102 -0.2424706 0.1735463 0
-0.2309769 -0.2331697 0.9446068 0
-0.2871357 0.6976558 -0.3583021 1

-0.09131802 -0.855074 -0.5104017 0
0.9909053 -0.02715516 -0.1317935 0
0.09883302 -0.5177946 0.8497769 0
-0.1610841 0.5783575 -0.07656696 1

0.7631533 -0.08449779 0.6406695 0
0.6462057 0.1058668 -0.755785 0
-0.003963251 0.9907839 0.1353956 0
-0.1351511 0.6081418 -0.08121378 1

-0.3379798 0.03228239 0.9405998 0
0.9394599 0.07150804 0.3351154 0
-0.05644183 0.9969177 -0.05449617 0
-0.2021039 0.5366006 0.009368677 1

-1 0 0 0
