MeshAnim
1
20
42
30
-1 0 0 0
0 -1.192093E-07 0.9999999 0
0 0.9999999 1.192093E-07 0
0 0 0 1

0.04289234 -0.9690147 0.2432498 0
0.1682683 0.2470025 0.9542931 0
-0.9848076 -6.167469E-07 0.173649 0
-8.307397E-07 0.4893292 0.01821182 1

0.1661401 -0.9854904 0.03472557 0
0.328146 0.08846031 0.9404758 0
-0.9299019 -0.1448556 0.3380816 0
-0.005643447 0.6268384 -0.01378865 1

0.4253294 -0.7304617 -0.5343411 0
-0.006167684 -0.5927327 0.8053756 0
-0.9050176 -0.3392543 -0.2566119 0
0.108136 0.4762044 -0.004421147 1

0.5219734 0.8453996 0.1133284 0
-0.2131664 0.25794 -0.9423518 0
-0.8258958 0.4677247 0.3148486 0
-0.1093569 0.4762046 0.0339288 1

0.08383559 -0.9739563 -0.2106669 0
0.590346 -0.121773 0.7979115 0
-0.8027846 -0.1912598 0.5647624 0
-0.02378883 0.7764266 0.0003950851 1

0.1245367 -0.9706229 0.2058677 0
-0.1280825 0.1900208 0.9733894 0
-0.9839133 -0.1475907 -0.1006552 0
0.1754182 0.3664294 -0.09007882 1

0.1018972 0.6409296 -0.7608061 0
-0.2622106 -0.7204373 -0.6420403 0
-0.9596159 0.2649135 0.09464803 0
-0.1923438 0.3474262 0.01285237 1

-0.05926537 -0.9502839 -0.3056922 0
0.832413 -0.2160691 0.5102966 0
-0.5509775 -0.2242192 0.8038342 0
-0.03082633 0.9063464 0.03438963 1

0.06304003 -0.9936486 -0.09321057 0
-0.1408543 -0.1013197 0.9848321 0
-0.9880212 -0.04895477 -0.1463469 0
0.1904404 0.2380695 -0.05038065 1

0.1312204 0.9869839 0.09297322 0
-0.216241 0.1200225 -0.9689347 0
-0.9674818 0.1070393 0.2291758 0
-0.2025789 0.2699498 0.123172 1

0.2502666 -0.9632898 -0.09715545 0
0.7961096 0.1476424 0.5868655 0
-0.5509775 -0.2242192 0.8038343 0
-0.04517917 1.06066 0.0675956 1

-0.4376731 -0.1642516 0.8840043 0
0.8972617 -0.01636816 0.4411955 0
-0.05799755 0.9862826 0.1545406 0
0.02816373 0.9299855 -0.03715098 1

-0.6516858 -0.2790606 0.7052876 0
-0.7473375 0.07737944 -0.6599233 0
0.1295839 -0.9571506 -0.2589796 0
-0.07686284 0.8872452 0.1160748 1

-0.1570794 -0.09379313 0.9831219 0
-0.0546144 0.9947816 0.08617959 0
-0.9860746 -0.04015558 -0.1613821 0
0.2154018 0.2350421 -0.2230455 1

-0.2326961 0.1134724 -0.9659071 0
-0.1223216 -0.9886981 -0.08668148 0
-0.9648265 0.09798081 0.2439463 0
-0.2420386 0.2702194 -0.04680381 1

0.03047645 -0.9941544 -0.1035759 0
0.08817542 -0.100546 0.9910174 0
-0.9956386 -0.03933554 0.08459584 0
-0.05518517 1.342331 0.08078738 1

0.1328057 0.7700342 0.6240271 0
0.977172 -0.2070614 0.04754664 0
0.1658245 0.6034672 -0.7799548 0
0.07448401 0.9406546 -0.1309392 1

-0.6818545 -0.6478311 0.3396896 0
-0.3337333 -0.1377224 -0.9325526 0
0.6509195 -0.749231 -0.1222963 0
-0.1443786 0.8515889 0.1883647 1

0.7947908 0.3784721 0.4744116 0
0.1785401 -0.8929421 0.4132525 0
0.5800267 -0.2437478 -0.7772746 0
0.05721347 0.7714515 -0.265527 1

0.0609209 -0.3778317 -0.9238679 0
0.35998 0.871613 -0.3327237 0
0.9309688 -0.3123039 0.1891112 0
-0.2881248 0.7129059 0.2728991 1

0.9628068 0.1531377 0.2226029 0
-0.2046773 0.9512057 0.2309005 0
-0.1763817 -0.2678744 0.9471711 0
-0.1479048 0.6794931 -0.3897555 1

-0.02851632 0.02817049 -0.9991964 0
-0.9995838 0.003577705 0.02862836 0
0.004381411 0.9995967 0.02805689 0
-0.2703784 0.6209879 0.03373768 1

0.02619076 -0.2740487 0.9613593 0
-0.9792758 -0.2002369 -0.0304012 0
0.2008309 -0.9406396 -0.2736135 0
-0.2013648 0.7107797 -0.4518213 1

0.7533677 -0.6517478 -0.08753165 0
0.6083096 0.6401364 0.4692387 0
-0.2497932 -0.4067557 0.8787225 0
-0.2566955 0.6585071 -0.4618461 1

0.5576473 -0.8228028 -0.1096585 0
0.824941 0.5346647 0.1833193 0
-0.09220507 -0.1926893 0.9769181 0
-0.274949 0.6369387 -0.3818335 1

0.9291052 0.07236976 -0.3626654 0
0.2529191 0.5911182 0.7659055 0
0.2698065 -0.8033319 0.5309071 0
-0.2454902 0.6803127 -0.02584532 1

0.9138405 -0.06482825 -0.4008653 0
-0.3784887 0.2216507 -0.8986752 0
0.1471117 0.9729689 0.1780166 0
-0.2880589 0.6679868 -0.08853832 1

0.9030822 0.08708349 0.4205466 0
0.4280308 -0.1024501 -0.8979387 0
-0.03511044 0.9909188 -0.1297952 0
-0.2868233 0.5833184 -0.09402914 1

-0.999666 -5.544242E-07 0.02584737 0
0.0008199364 0.9994963 0.03172846 0
-0.02583427 0.03173895 -0.9991623 0
-0.2488418 0.6414363 0.01468424 1

0.111265 -0.2903944 0.9504164 0
-0.9913167 -0.09987304 0.08553784 0
0.07008134 -0.951681 -0.2989852 0
-0.2043568 0.7307644 -0.5241236 1

-0.005445633 -0.9400791 -0.3409127 0
0.9476201 -0.1137262 0.2984668 0
-0.3193533 -0.3214305 0.8914574 0
-0.3262706 0.7083266 -0.463765 1

-0.2081684 -0.9259136 -0.3151984 0
0.9707547 -0.2349858 0.04916201 0
-0.1195869 -0.2957464 0.9477515 0
-0.3326448 0.695403 -0.3756481 1

-0.0849816 -0.8166083 -0.5709023 0
0.9871471 0.008829319 -0.1595705 0
0.1353473 -0.5771251 0.805362 0
-0.1761369 0.6853876 -0.05413532 1

0.8116145 -0.132891 0.568878 0
0.5839037 0.1538494 -0.7971117 0
0.0184075 0.9791172 0.2024619 0
-0.2142572 0.6694539 -0.1318689 1

-0.2649849 -0.02893029 0.9638186 0
0.9639865 0.0155404 0.2654972 0
-0.02265904 0.9994605 0.02377042 0
-0.2072018 0.5887148 -0.07362148 1

0.1645039 -0.3192303 0.9332902 0
-0.9854743 -0.09365296 0.1416684 0
0.04218046 -0.9430382 -0.3299993 0
-0.2110775 0.7486212 -0.5830141 1

-0.01855132 -0.9481565 -0.317262 0
0.9537051 -0.1120466 0.2790922 0
-0.3001711 -0.2973969 0.9063402 0
-0.3285838 0.7749851 -0.4450971 1

-0.2118401 -0.9334445 -0.2894906 0
0.9644777 -0.2475114 0.09231051 0
-0.1578191 -0.2596522 0.9527191 0
-0.3279039 0.7645059 -0.3568875 1

-0.1306029 -0.8363917 -0.5323458 0
0.9781041 -0.02094163 -0.2070604 0
0.1620355 -0.5477322 0.8208129 0
-0.1812601 0.6349195 -0.0896161 1

0.809211 -0.1062373 0.5778332 0
0.5874708 0.1338159 -0.798105 0
0.007465389 0.9852954 0.1706966 0
-0.1557155 0.6648898 -0.0951366 1

-0.2660123 -0.001910861 0.963968 0
0.9621513 0.06086851 0.2656314 0
-0.05918278 0.9981438 -0.01435313 0
-0.21573 0.5900524 -0.002381049 1

-1 0 0 0
0 -1.192093E-07 0.9999999 0
0 0.9999999 1.192093E-07 0
0 0 0 1

0.04308236 -0.969021 0.2431919 0
0.1676999 0.2469782 0.9543995 0
-0.9848964 -0.0003345219 0.173145 0
-3.403984E-05 0.4379716 0.01821941 1

0.165771 -0.9850972 0.04586522 0
0.3259979 0.09863381 0.940211 0
-0.9307232 -0.1409077 0.3374901 0
-0.005704909 0.5754816 -0.01377261 1

0.4788668 -0.5411135 -0.6912907 0
0.06289406 -0.7642782 0.6418124 0
-0.8756319 -0.3508208 -0.3319545 0
0.1081186 0.4248837 -0.0043593 1

0.5465397 0.8212625 0.1637754 0
-0.2120164 0.3248946 -0.9216791 0
-0.8101504 0.4690111 0.3516887 0
-0.1093939 0.4248102 0.03387935 1

0.08424222 -0.9779468 -0.1911113 0
0.5872193 -0.106227 0.8024272 0
-0.8050324 -0.1798225 0.5653202 0
-0.02383924 0.7252206 -0.001264605 1

0.04787234 -0.9249136 0.3771517 0
-0.1495916 0.3666873 0.9182389 0
-0.9875885 -0.100377 -0.1208051 0
0.1833279 0.3451399 -0.1134425 1

0.03083317 0.6198139 -0.784143 0
-0.2381991 -0.7573564 -0.6080071 0
-0.970727 0.2055289 0.1242872 0
-0.1961468 0.3000551 0.005156234 1

-0.04300361 -0.9633105 -0.2649217 0
0.830575 -0.1818398 0.5263838 0
-0.5552444 -0.197401 0.8079212 0
-0.03095368 0.8557874 0.03013613 1

0.05708975 -0.9962444 -0.06510074 0
-0.132441 -0.07218816 0.9885587 0
-0.9895455 -0.04781453 -0.1360648 0
0.1878202 0.2251288 -0.05135399 1

0.07642657 0.9939272 -0.07917 0
-0.1932624 -0.06312936 -0.9791141 0
-0.9781662 0.09013093 0.1872639 0
-0.1972031 0.2259169 0.1182056 1

0.26472 -0.9628498 -0.05332594 0
0.7884336 0.1842639 0.5868728 0
-0.5552444 -0.1974009 0.8079211 0
-0.04779032 1.011163 0.05652829 1

-0.4435503 -0.1324057 0.8864153 0
0.8932441 0.0156231 0.4493009 0
-0.07333855 0.9910725 0.1113408 0
0.02836277 0.87718 -0.04184026 1

-0.6542447 -0.2578835 0.7109572 0
-0.7421591 0.03809071 -0.6691409 0
0.1454796 -0.9654249 -0.2163112 0
-0.07747714 0.8395519 0.1121646 1

-0.1486421 -0.06462649 0.9867771 0
-0.04872243 0.9971291 0.05796525 0
-0.9876902 -0.03946209 -0.151364 0
0.211198 0.2170003 -0.2240612 1

-0.2094341 -0.06997686 -0.9753157 0
-0.06764152 -0.9940101 0.08584318 0
-0.9754805 0.08395019 0.2034461 0
-0.2315334 0.1943399 -0.04993156 1

0.03832067 -0.9937397 -0.1049429 0
0.08371663 -0.1014583 0.991311 0
-0.9957528 -0.04677317 0.07930455 0
-0.05993339 1.292731 0.07010035 1

0.0391838 0.7529039 0.6569629 0
0.9813144 -0.1529442 0.1167505 0
0.1883805 0.6401124 -0.7448281 0
0.07540166 0.8844758 -0.1355933 1

-0.710223 -0.5789712 0.4004697 0
-0.3825449 -0.1601403 -0.9099531 0
0.5909681 -0.7994672 -0.1077471 0
-0.1451554 0.8060627 0.1853331 1

0.8802641 0.2014894 0.4295782 0
0.05135571 -0.9404981 0.3358963 0
0.4716969 -0.2736161 -0.8382339 0
0.07845572 0.71962 -0.2764996 1

0.08497396 -0.2696476 -0.9592028 0
0.3863962 0.8962668 -0.2177251 0
0.9184107 -0.3521313 0.1803501 0
-0.2944711 0.6825565 0.282765 1

0.9625732 0.1566409 0.2211711 0
-0.2072579 0.9512761 0.2282942 0
-0.1746346 -0.2655894 0.9481377 0
-0.1478623 0.6733857 -0.3887658 1

-0.02837847 0.01944892 -0.9994084 0
-0.9995884 0.003737774 0.02845615 0
0.004288875 0.9998041 0.01933482 0
-0.2703958 0.6185626 0.03520794 1

0.02796948 -0.2711228 0.9621384 0
-0.9787095 -0.2032194 -0.02881423 0
0.2033374 -0.9408478 -0.2710342 0
-0.2014771 0.7043301 -0.4508694 1

0.7552043 -0.6497747 -0.08636902 0
0.6068852 0.6433177 0.4667254 0
-0.2477036 -0.4048892 0.8801747 0
-0.256663 0.6518649 -0.4606835 1

0.5599687 -0.8214722 -0.1077911 0
0.8235399 0.5376409 0.1808993 0
-0.09065077 -0.1900682 0.9775769 0
-0.2747719 0.6304795 -0.3805889 1

0.9291502 0.06928612 -0.3631531 0
0.2527591 0.597801 0.7607543 0
0.2698031 -0.7986451 0.5379339 0
-0.2455045 0.6773676 -0.02488688 1

0.913903 -0.0682414 -0.4001566 0
-0.3783822 0.2137675 -0.900628 0
0.1470004 0.9744985 0.1695413 0
-0.2880633 0.6644913 -0.08747594 1

0.9030157 0.09083045 0.4198973 0
0.4281663 -0.1102423 -0.8969509 0
-0.03518006 0.9897459 -0.138441 0
-0.2868195 0.5797784 -0.09222758 1

-0.99967 0.000135251 0.0257066 0
0.0007268935 0.9997355 0.02300669 0
-0.02569665 0.02301769 -0.9994048 0
-0.2488583 0.638846 0.01597987 1

0.1130809 -0.2872496 0.9511576 0
-0.9909306 -0.1025488 0.08683955 0
0.0725954 -0.9523505 -0.2962405 0
-0.2046009 0.7240918 -0.5232275 1

-0.003007721 -0.9410963 -0.3381254 0
0.9482528 -0.1100409 0.2978391 0
-0.317503 -0.3197325 0.8927277 0
-0.3263871 0.7014726 -0.4626791 1

-0.2057456 -0.9274539 -0.3122471 0
0.9714949 -0.231969 0.0488706 0
-0.1177569 -0.2932915 0.948743 0
-0.3326342 0.6887912 -0.3745179 1

-0.08482892 -0.8215661 -0.5637677 0
0.9871692 0.007525248 -0.1595034 0
0.1352853 -0.5700645 0.8103856 0
-0.1761476 0.6822017 -0.05321033 1

0.8115465 -0.1278497 0.5701296 0
0.5840024 0.1469412 -0.7983421 0
0.01829227 0.9808484 0.193914 0
-0.2142557 0.665587 -0.1308073 1

-0.265118 -0.02054363 0.9639973 0
0.9639482 0.01794284 0.2654866 0
-0.02275099 0.9996281 0.01504604 0
-0.2072012 0.5853598 -0.07185663 1

0.1663874 -0.3159786 0.9340626 0
-0.9850498 -0.09614531 0.1429456 0
0.044638 -0.9438825 -0.3272518 0
-0.2114337 0.7417543 -0.5821636 1

-0.0160655 -0.9491422 -0.3144374 0
0.9543131 -0.1084007 0.2784534 0
-0.2983771 -0.2955983 0.9075201 0
-0.3288787 0.7681789 -0.4442059 1

-0.2093691 -0.9349196 -0.2865134 0
0.9652984 -0.2443854 0.0920625 0
-0.1560907 -0.257296 0.9536428 0
-0.3280789 0.7579629 -0.3559664 1

-0.130454 -0.8410165 -0.5250463 0
0.9781356 -0.0226597 -0.206733 0
0.1619688 -0.5405356 0.8255836 0
-0.1812613 0.6314256 -0.08825012 1

0.8091396 -0.1011191 0.5788514 0
0.5875714 0.1269001 -0.7991602 0
0.007353973 0.9867482 0.1620944 0
-0.1557186 0.6613488 -0.09402837 1

-0.2661476 0.006475944 0.9639108 0
0.9621091 0.06327011 0.2652249 0
-0.05926929 0.9979756 -0.02306974 0
-0.2157396 0.587318 -0.0006317894 1

-1 0 0 0
0 -1.192093E-07 0.9999999 0
0 0.9999999 1.192093E-07 0
0 0 0 1

0.04272604 -0.9690478 0.2431471 0
0.1668159 0.2468724 0.9545817 0
-0.9850618 -0.00022473 0.1722005 0
7.847324E-06 0.3904201 0.01819849 1

0.1658414 -0.9835124 0.07210904 0
0.3220968 0.1231334 0.9386649 0
-0.9320676 -0.1324435 0.3372068 0
-0.005614874 0.5279337 -0.01378675 1

0.4642949 -0.4228699 -0.7782103 0
0.1108991 -0.8439854 0.5247759 0
-0.8787101 -0.3299536 -0.3449623 0
0.1081804 0.3773206 -0.004277668 1

0.4734427 0.8693475 0.1417286 0
-0.2409433 0.2825868 -0.9284886 0
-0.8472297 0.4054376 0.3432521 0
-0.1093686 0.3772713 0.03375238 1

0.08564588 -0.9855688 -0.146009 0
0.5820196 -0.06945153 0.8102035 0
-0.8086519 -0.1543707 0.5676723 0
-0.02384021 0.6779402 -0.005245612 1

0.00707975 -0.889777 0.4563407 0
-0.123707 0.4520672 0.883364 0
-0.9922935 -0.06270654 -0.106871 0
0.1809343 0.3161647 -0.1262674 1

0.03636286 0.728765 -0.6837977 0
-0.1679861 -0.6700561 -0.723053 0
-0.9851184 0.1411607 0.09805715 0
-0.1850099 0.2447939 0.008393491 1

-0.007525042 -0.985293 -0.1707067 0
0.826115 -0.1023158 0.5541347 0
-0.5634511 -0.1368535 0.8147355 0
-0.03118032 0.8097935 0.02015404 1

0.04287202 -0.9990774 0.002473354 0
-0.1070817 -0.002133771 0.9942479 0
-0.9933254 -0.04289026 -0.1070743 0
0.1802621 0.2019423 -0.05394431 1

0.02719631 0.9678232 -0.2501571 0
-0.1280225 -0.2448168 -0.9610801 0
-0.9913983 0.05816352 0.117245 0
-0.1875168 0.1548918 0.1093347 1

0.2960883 -0.9541232 0.0445005 0
0.771268 0.2663076 0.5781227 0
-0.5634511 -0.1368535 0.8147355 0
-0.05342317 0.9663427 0.03106747 1

-0.4553381 -0.06088803 0.888234 0
0.8838897 0.08875842 0.4591955 0
-0.1067977 0.9941902 0.01340319 0
0.02873979 0.8261009 -0.05264937 1

-0.6586833 -0.2096903 0.7226107 0
-0.7305714 -0.05151981 -0.6808901 0
0.1800049 -0.9764094 -0.1192586 0
-0.0786645 0.8000142 0.1026544 1

-0.1232285 0.005518467 0.992363 0
-0.03468641 0.9993495 -0.009864583 0
-0.991772 -0.03563711 -0.1229568 0
0.1989495 0.1816227 -0.2262151 1

-0.1440045 -0.2519262 -0.9569725 0
-0.01885361 -0.966178 0.2571865 0
-0.9893973 0.05507835 0.1343842 0
-0.2095338 0.09235474 -0.05213969 1

0.0567341 -0.9927765 -0.1057159 0
0.07881036 -0.1011027 0.9917496 0
-0.9952739 -0.06459759 0.07250512 0
-0.07065617 1.247635 0.04484899 1

0.001347754 0.7501442 0.6612725 0
0.9812275 -0.128518 0.1437906 0
0.1928492 0.6486648 -0.7362354 0
0.0772385 0.8258719 -0.1459415 1

-0.690991 -0.5535825 0.4648414 0
-0.413197 -0.2251609 -0.8823666 0
0.593127 -0.8017785 -0.07315463 0
-0.1465788 0.7715099 0.1776923 1

0.9221259 0.08102324 0.3783108 0
-0.04133165 -0.951599 0.30455 0
0.3846758 -0.2964696 -0.8741452 0
0.08848578 0.6619002 -0.2874638 1

0.07679407 -0.2323273 -0.9696015 0
0.3847041 0.9040732 -0.1861567 0
0.91984 -0.3587136 0.1588048 0
-0.2913692 0.6542669 0.2887409 1

0.9623606 0.1615103 0.2185785 0
-0.2081825 0.9550903 0.2108613 0
-0.1747059 -0.2484289 0.952765 0
-0.1480409 0.6466603 -0.386382 1

-0.02599094 0.0007504373 -0.999662 0
-0.9996588 0.002633542 0.02599274 0
0.002652377 0.9999962 0.0006819516 0
-0.2694034 0.5998999 0.03869616 1

0.02789843 -0.2535239 0.9669269 0
-0.9785178 -0.2045911 -0.02540999 0
0.2042665 -0.945446 -0.2537856 0
-0.2016631 0.67642 -0.4490556 1

0.7558127 -0.6505606 -0.074283 0
0.6061578 0.6522596 0.4551154 0
-0.2476284 -0.3890093 0.8873286 0
-0.2567989 0.623735 -0.4579292 1

0.5607376 -0.8227955 -0.09263381 0
0.823 0.541588 0.171329 0
-0.09079932 -0.1723084 0.9808493 0
-0.2749148 0.6037961 -0.377464 1

0.9299146 0.06401687 -0.3621616 0
0.2499667 0.6123047 0.7500668 0
0.2697701 -0.788026 0.5533888 0
-0.2444602 0.6576139 -0.02242609 1

0.9149756 -0.07420173 -0.3966283 0
-0.3765413 0.1963057 -0.9053624 0
0.14504 0.977731 0.1516751 0
-0.2868469 0.6435023 -0.08486546 1

0.9018511 0.1001261 0.4202857 0
0.43051 -0.1262597 -0.8937114 0
-0.03641871 0.9869311 -0.1569726 0
-0.2854568 0.5587177 -0.08803223 1

-0.999728 -0.001019611 0.02331067 0
-0.0009184517 0.99999 0.004345878 0
-0.02331489 0.004323065 -0.999719 0
-0.2478517 0.6198561 0.01914441 1

0.1130275 -0.2697714 0.956268 0
-0.9908664 -0.1018412 0.08838681 0
0.07354311 -0.9575238 -0.2788184 0
-0.204781 0.6948574 -0.5217625 1

-0.002056375 -0.9471024 -0.3209247 0
0.9482536 -0.1037433 0.300088 0
-0.3175079 -0.303701 0.8983065 0
-0.3265666 0.6732354 -0.4608497 1

-0.2048148 -0.9331731 -0.295362 0
0.9716857 -0.2301661 0.05338927 0
-0.1178038 -0.2760643 0.9538925 0
-0.3328312 0.6621565 -0.3724742 1

-0.08215809 -0.8320802 -0.5485373 0
0.9875388 0.006161653 -0.1572566 0
0.1342302 -0.5546215 0.821205 0
-0.1750428 0.662032 -0.050669 1

0.8103666 -0.1158618 0.5743541 0
0.585698 0.1329734 -0.7995476 0
0.01626336 0.9843242 0.1756174 0
-0.2129365 0.64391 -0.1280332 1

-0.2674167 -0.002985562 0.9635767 0
0.9632729 0.02446967 0.2674084 0
-0.02437669 0.9996961 -0.003667503 0
-0.2058972 0.5648084 -0.06757881 1

0.1663654 -0.298759 0.9397159 0
-0.9850099 -0.09441128 0.1443688 0
0.04558817 -0.9496469 -0.3099874 0
-0.2116104 0.711437 -0.5810129 1

-0.0151147 -0.9547272 -0.2970982 0
0.9543188 -0.1024511 0.2806774 0
-0.2984085 -0.2792841 0.9126626 0
-0.3291238 0.740265 -0.4435958 1

-0.2084399 -0.940172 -0.2694978 0
0.9654861 -0.2417991 0.09679809 0
-0.1561713 -0.2400198 0.9581237 0
-0.3283438 0.7316589 -0.3551847 1

-0.1278458 -0.8508793 -0.5095691 0
0.9786673 -0.02491398 -0.203936 0
0.1608298 -0.5247706 0.8359126 0
-0.179991 0.6106026 -0.08476719 1

0.8078963 -0.08897707 0.5825698 0
0.5893007 0.1129265 -0.7999829 0
0.005392738 0.9896113 0.1436672 0
-0.154482 0.6404546 -0.09104183 1

-0.2684893 0.02402596 0.9629834 0
0.9613622 0.06978124 0.2662962 0
-0.0608 0.9972728 -0.04183301 0
-0.2146109 0.5680814 0.003576471 1

-1 0 0 0
0 -1.192093E-07 0.9999999 0
0 0.9999999 1.192093E-07 0
0 0 0 1

0.04284871 -0.969031 0.2431932 0
0.1680134 0.2469391 0.9543545 0
-0.9848531 -3.316085E-05 0.1733912 0
2.693199E-05 0.3535787 0.0181899 1

0.1654859 -0.980792 0.1032538 0
0.3199698 0.1524294 0.9350853 0
-0.9328633 -0.1217053 0.3390487 0
-0.005610152 0.4910901 -0.01380241 1

0.4025106 -0.3758081 -0.8347176 0
0.1223961 -0.8815644 0.4559204 0
-0.907196 -0.285679 -0.3088416 0
0.10817 0.3404578 -0.004415683 1

0.3481637 0.9368523 0.03301897 0
-0.2686244 0.133451 -0.953956 0
-0.898122 0.3232631 0.298124 0
-0.109333 0.3404508 0.03387734 1

0.08602948 -0.991711 -0.09543733 0
0.5783055 -0.0282961 0.8153294 0
-0.8112717 -0.1253343 0.5710775 0
-0.02382602 0.6412928 -0.01000493 1

-0.0164475 -0.8703957 0.4920784 0
-0.06820685 0.4919751 0.8679334 0
-0.9975357 -0.01928779 -0.0674587 0
0.1713713 0.2866655 -0.1349019 1

0.08632211 0.875495 -0.475455 0
-0.0768975 -0.4699576 -0.8793332 0
-0.9932952 0.1124672 0.02675555 0
-0.1658143 0.1967553 0.02513646 1

0.02612429 -0.997291 -0.06876224 0
0.8205372 -0.0178973 0.571313 0
-0.5709959 -0.07134713 0.8178467 0
-0.0312442 0.7742651 0.00864022 1

0.02920432 -0.996076 0.08354554 0
-0.06881432 0.0813793 0.9943048 0
-0.997202 -0.03478713 -0.0661676 0
0.1681999 0.1755476 -0.05795631 1

0.01251461 0.9854057 -0.1697624 0
-0.05069606 -0.1689321 -0.9843232 0
-0.9986358 0.02092465 0.047842 0
-0.1762204 0.08464987 0.09998205 1

0.3253447 -0.9343128 0.1456385 0
0.7537338 0.3492411 0.5567011 0
-0.5709959 -0.0713471 0.8178466 0
-0.05857631 0.9302924 0.003169234 1

-0.4664465 0.01524956 0.8844178 0
0.8736707 0.1642718 0.4579459 0
-0.1383015 0.9862973 -0.08994713 0
0.02921558 0.7850105 -0.06474808 1

-0.6624913 -0.1563132 0.7325786 0
-0.7182992 -0.1448579 -0.6804867 0
0.2124889 -0.9770274 -0.01631249 0
-0.0796269 0.7714105 0.09114873 1

-0.08491485 0.08912206 0.9923945 0
-0.02130587 0.9956017 -0.09123308 0
-0.9961604 -0.02889085 -0.08264258 0
0.179973 0.140828 -0.2285381 1

-0.06668329 -0.1767922 -0.9819868 0
-0.004755773 -0.9841101 0.1774974 0
-0.9977629 0.01650612 0.06478278 0
-0.1845188 0.03495738 -0.06712206 1

0.07457189 -0.9920841 -0.1010365 0
0.07907121 -0.09511707 0.9923207 0
-0.9940759 -0.08198829 0.0713523 0
-0.08080702 1.211297 0.01562109 1

-0.009306615 0.7614663 0.6481376 0
0.9815538 -0.1168221 0.1513428 0
0.1909593 0.6375905 -0.7463329 0
0.07908951 0.7768451 -0.1569516 1

-0.6447818 -0.5513887 0.5293646 0
-0.436414 -0.3030145 -0.8471864 0
0.6275343 -0.7772726 -0.04525553 0
-0.1477246 0.7485039 0.167918 1

0.9416343 0.002317962 0.3366298 0
-0.1056974 -0.9473718 0.302184 0
0.3196142 -0.3201277 -0.8918324 0
0.09264801 0.6105591 -0.2955402 1

0.03931797 -0.2377958 -0.9705191 0
0.3664038 0.9070467 -0.2073999 0
0.9296249 -0.3474472 0.1227923 0
-0.2822342 0.6326516 0.2925269 1

0.9628384 0.1654389 0.2134775 0
-0.2068967 0.9598791 0.1892783 0
-0.1735986 -0.2264121 0.9584369 0
-0.1485101 0.6155038 -0.3837428 1

-0.03019307 -0.01856358 -0.9993718 0
-0.9995404 0.003319729 0.03013667 0
0.002758458 0.9998223 -0.01865536 0
-0.269998 0.5768984 0.04212366 1

0.02902034 -0.2313977 0.9724265 0
-0.9787635 -0.2040783 -0.01935261 0
0.2029291 -0.9512138 -0.2324061 0
-0.2021913 0.6438808 -0.4470045 1

0.7550352 -0.6528909 -0.06046359 0
0.6074799 0.6618422 0.4392415 0
-0.2467595 -0.3683733 0.896332 0
-0.2573939 0.5910655 -0.4545946 1

0.5597566 -0.8252925 -0.07460022 0
0.8238018 0.5444858 0.1577529 0
-0.08957361 -0.1497591 0.9846569 0
-0.2754152 0.5729894 -0.3736694 1

0.9283905 0.05683463 -0.3672347 0
0.2531809 0.6266396 0.7370363 0
0.2720128 -0.7772344 0.5673767 0
-0.2453061 0.6334158 -0.02020682 1

0.9132927 -0.08202156 -0.3989607 0
-0.3803236 0.1788422 -0.9073973 0
0.1457773 0.9804532 0.1321404 0
-0.2879564 0.6181081 -0.08218312 1

0.9036203 0.1080634 0.4144793 0
0.4267361 -0.1435867 -0.8929051 0
-0.03697636 0.9837202 -0.1758624 0
-0.2865884 0.5332778 -0.08371659 1

-0.9996211 -0.0003847326 0.0275261 0
-0.0007968657 0.9998877 -0.01497702 0
-0.02751677 -0.01499322 -0.9995089 0
-0.2485267 0.596469 0.0220995 1

0.1141174 -0.247975 0.9620218 0
-0.9908435 -0.09874243 0.09208436 0
0.07215773 -0.9637213 -0.2569726 0
-0.2053943 0.6606557 -0.5201093 1

-0.003491193 -0.9541842 -0.2991997 0
0.9485744 -0.09786829 0.3010456 0
-0.3165353 -0.2827622 0.9054564 0
-0.3271147 0.6405604 -0.4585471 1

-0.2061983 -0.9394593 -0.2736767 0
0.9715236 -0.2299189 0.05726696 0
-0.1167235 -0.2540749 0.9601155 0
-0.3332643 0.63151 -0.3699328 1

-0.0845492 -0.8425103 -0.5320041 0
0.9868696 0.002939556 -0.1614939 0
0.137624 -0.5386728 0.831199 0
-0.1760076 0.6372746 -0.04882121 1

0.812762 -0.10489 0.5730762 0
0.5823454 0.1173892 -0.8044217 0
0.01710311 0.9875314 0.1564915 0
-0.214228 0.6176679 -0.1256608 1

-0.2633639 0.01568562 0.9645693 0
0.9643911 0.02945526 0.262836 0
-0.02428867 0.9994433 -0.02288456 0
-0.2069428 0.539748 -0.06371911 1

0.1674017 -0.2773897 0.9460612 0
-0.9848992 -0.09004181 0.1478735 0
0.04416642 -0.956529 -0.2882741 0
-0.2122914 0.6758847 -0.5797133 1

-0.01652319 -0.961249 -0.2751868 0
0.9546133 -0.09702634 0.281602 0
-0.29739 -0.2580441 0.9192238 0
-0.3295782 0.7079693 -0.4428255 1

-0.2097937 -0.9458617 -0.2476542 0
0.9653741 -0.2405504 0.1009389 0
-0.1550478 -0.2179026 0.9635761 0
-0.3286805 0.7013845 -0.354242 1

-0.1300746 -0.8605446 -0.4924881 0
0.9777988 -0.02903081 -0.2075263 0
0.1642883 -0.5085482 0.8452151 0
-0.1811044 0.5851967 -0.08189803 1

0.8103288 -0.0778511 0.5807813 0
0.5859441 0.09733687 -0.8044847 0
0.006098829 0.9922022 0.1244912 0
-0.1556189 0.6149171 -0.08885551 1

-0.2644361 0.04268086 0.9634584 0
0.9624805 0.0747372 0.2608564 0
-0.06087237 0.9962896 -0.06084273 0
-0.2153571 0.5443971 0.007395574 1

-1 0 0 0
0 -1.192093E-07 0.9999999 0
0 0.9999999 1.192093E-07 0
0 0 0 1

0.04329467 -0.9690105 0.2431954 0
0.1698028 0.2470191 0.954017 0
-0.9845266 -8.603957E-06 0.1752353 0
3.504753E-05 0.3340291 0.01814558 1

0.1652494 -0.9777583 0.1291554 0
0.3190345 0.1769097 0.9310853 0
-0.9332255 -0.1126563 0.3411728 0
-0.005660605 0.4715377 -0.01384789 1

0.3110768 -0.3989533 -0.8625935 0
0.0985695 -0.8891871 0.4468 0
-0.9452593 -0.2240146 -0.2372808 0
0.1081354 0.3209051 -0.004661371 1

0.2645773 0.9642835 -0.01248488 0
-0.2605074 0.05900035 -0.9636673 0
-0.9285122 0.2582169 0.2668132 0
-0.1092954 0.3209035 0.03403892 1

0.08606008 -0.9944583 -0.06038361 0
0.5764489 0.0002693007 0.8171331 0
-0.8125888 -0.1051306 0.5732775 0
-0.02386031 0.6217902 -0.01401655 1

-0.03489589 -0.8686904 0.4941251 0
0.004263605 0.4942923 0.8692855 0
-0.9993819 0.03244117 -0.01354496 0
0.1573703 0.2634653 -0.1395363 1

0.08010118 0.9326734 -0.3517156 0
-0.01954824 -0.3513117 -0.9360545 0
-0.996595 0.08185448 -0.009908327 0
-0.1528719 0.1725368 0.03223743 1

0.04103661 -0.999108 -0.009959831 0
0.817237 0.02782832 0.5756294 0
-0.5748388 -0.03176143 0.8176501 0
-0.03129586 0.7553357 -6.579357E-05 1

0.01888642 -0.9881846 0.1521009 0
-0.02647405 0.1515804 0.9880905 0
-0.9994711 -0.02268831 -0.0232984 0
0.1526083 0.1526115 -0.06229232 1

0.001422614 0.9999861 -0.00504595 0
-0.01718273 -0.005020752 -0.9998397 0
-0.9998515 0.001509083 0.01717539 0
-0.1634386 0.0513045 0.09113438 1

0.3380064 -0.919227 0.2019241 0
0.7451927 0.3924447 0.5391427 0
-0.5748388 -0.0317614 0.81765 0
-0.0608599 0.9103503 -0.01482891 1

-0.4719644 0.06013432 0.8795645 0
0.8684018 0.2038079 0.4520405 0
-0.1520791 0.9771622 -0.1484108 0
0.02944447 0.7626581 -0.07364357 1

-0.6645712 -0.1229309 0.7370436 0
-0.7119848 -0.1951656 -0.6745279 0
0.226766 -0.9730356 0.0421764 0
-0.08013053 0.7566039 0.08221576 1

-0.04253146 0.1594383 0.9862914 0
-0.01132018 0.9870444 -0.1600482 0
-0.999031 -0.01797211 -0.04017546 0
0.1568311 0.1059022 -0.2303474 1

-0.03310215 -0.01333819 -0.9993628 0
0.006068867 -0.999895 0.01314419 0
-0.9994335 -0.005629885 0.03317964 0
-0.165686 0.02977938 -0.08193774 1

0.08260222 -0.9927832 -0.08693845 0
0.08001552 -0.08034807 0.9935502 0
-0.9933653 -0.08902585 0.07280101 0
-0.0853501 1.191315 -0.006369513 1

-0.009027408 0.7782682 0.6278672 0
0.9810184 -0.114738 0.1563274 0
0.193705 0.6173604 -0.7624595 0
0.07998915 0.7498439 -0.1649486 1

-0.5969256 -0.5597602 0.5747595 0
-0.4526091 -0.3565595 -0.817319 0
0.6624389 -0.7480199 -0.04051323 0
-0.1483516 0.7372271 0.159843 1

0.9472638 -0.03962683 0.3179949 0
-0.1432512 -0.940019 0.3095855 0
0.2866535 -0.3388124 -0.8961228 0
0.09348093 0.5799435 -0.2990888 1

0.004184076 -0.2530616 -0.9674414 0
0.3423004 0.909368 -0.2363904 0
0.9395814 -0.3301662 0.09042778 0
-0.2723064 0.6201916 0.2939319 1

0.9631776 0.1670947 0.2106377 0
-0.2058972 0.9622118 0.1781977 0
-0.1729024 -0.2150057 0.9611855 0
-0.1489036 0.5956147 -0.3825496 1

-0.03000235 -0.02792527 -0.9991599 0
-0.99955 0.001559317 0.02997065 0
0.0007211342 0.9996091 -0.02795932 0
-0.2692318 0.5605314 0.04414764 1

0.0297252 -0.2200028 0.9750464 0
-0.9789557 -0.2034409 -0.01605838 0
0.2018971 -0.9540496 -0.2214205 0
-0.202619 0.6232945 -0.4460904 1

0.7544183 -0.6542103 -0.05349602 0
0.6084552 0.6664199 0.4308908 0
-0.2462426 -0.3576218 0.900817 0
-0.2578741 0.5704418 -0.4530099 1

0.5589791 -0.8265963 -0.06543037 0
0.8244146 0.5455827 0.1505993 0
-0.08878726 -0.1381235 0.9864272 0
-0.2758357 0.5533316 -0.3718616 1

0.9283288 0.05530978 -0.3676236 0
0.2517892 0.6339874 0.7312064 0
0.2735115 -0.7713634 0.5746221 0
-0.2446456 0.6165167 -0.01870287 1

0.913519 -0.0838663 -0.3980578 0
-0.3805492 0.1696127 -0.9090733 0
0.1437564 0.981936 0.1230293 0
-0.287255 0.6005457 -0.08053975 1

0.9033347 0.1137608 0.4135767 0
0.4271647 -0.1510188 -0.891473 0
-0.03895665 0.9819633 -0.185015 0
-0.2857138 0.5157079 -0.08128346 1

-0.9996226 -0.002169314 0.02739443 0
-0.00283492 0.9997014 -0.0242822 0
-0.02733346 -0.02435085 -0.99933 0
-0.2477972 0.5799587 0.02394504 1

0.1147983 -0.236775 0.9647587 0
-0.9908417 -0.09679509 0.09414635 0
0.07109224 -0.9667308 -0.2457185 0
-0.2058757 0.6392137 -0.5193841 1

-0.004587665 -0.9576238 -0.2879849 0
0.9487693 -0.0951549 0.301301 0
-0.3159364 -0.2718491 0.9090008 0
-0.327556 0.6199474 -0.4574786 1

-0.2072583 -0.9424244 -0.2624503 0
0.9713787 -0.2300751 0.05906686 0
-0.1160495 -0.2426964 0.9631361 0
-0.333631 0.6119423 -0.3687585 1

-0.08274874 -0.847596 -0.5241513 0
0.9868863 0.003451283 -0.161382 0
0.1385959 -0.5306317 0.8361948 0
-0.1753508 0.6202503 -0.0473427 1

0.8128868 -0.09789258 0.5741364 0
0.5822276 0.1110864 -0.8054015 0
0.01506416 0.9889779 0.1472964 0
-0.2135193 0.5998514 -0.1240016 1

-0.2635428 0.02412407 0.9643464 0
0.9642889 0.03386903 0.2626795 0
-0.02632451 0.9991351 -0.03218844 0
-0.2060846 0.5225264 -0.06133646 1

0.1680424 -0.2664211 0.9490953 0
-0.9848383 -0.08744594 0.1498242 0
0.04307798 -0.9598817 -0.2770765 0
-0.2128149 0.6537486 -0.5791559 1

-0.01760344 -0.9643949 -0.2638789 0
0.9547907 -0.09454625 0.2818433 0
-0.2967573 -0.2469877 0.92246 0
-0.3299471 0.6875383 -0.4425463 1

-0.2108349 -0.9485181 -0.2363511 0
0.9652606 -0.2401885 0.1028662 0
-0.1543394 -0.2064526 0.9662074 0
-0.3289727 0.6819919 -0.3538925 1

-0.1282433 -0.8653544 -0.4844752 0
0.9778879 -0.02896455 -0.2071163 0
0.1651965 -0.5003235 0.8499335 0
-0.1803362 0.5678566 -0.07993404 1

0.8103973 -0.07078798 0.5815889 0
0.5858672 0.09104167 -0.8052774 0
0.004055239 0.9933281 0.1152524 0
-0.1549104 0.597563 -0.08716443 1

-0.2646699 0.05110566 0.9629842 0
0.9622862 0.07912659 0.2602786 0
-0.06289582 0.9955538 -0.07012048 0
-0.2145192 0.52782 0.009730817 1

-1 0 0 0
0 -1.192093E-07 0.9999999 0
0 0.9999999 1.192093E-07 0
0 0 0 1

0.04335165 -0.9690084 0.2431937 0
0.1698715 0.2470274 0.9540026 0
-0.9845123 -4.591647E-05 0.175316 0
6.460212E-05 0.3401986 0.01815813 1

0.1650512 -0.9762858 0.1400858 0
0.3178765 0.1871108 0.9294859 0
-0.9336556 -0.1088828 0.3412211 0
-0.005638931 0.4777071 -0.01383513 1

0.214253 -0.4859365 -0.847326 0
0.04996961 -0.8608816 0.5063456 0
-0.9754992 -0.1508266 -0.1601644 0
0.1081636 0.3270788 -0.004657652 1

0.1785975 0.9831211 -0.03969704 0
-0.2404581 0.00448909 -0.9706492 0
-0.9540876 0.1829009 0.2372011 0
-0.1092641 0.327069 0.03406044 1

0.08599438 -0.9947631 -0.05523771 0
0.5756471 0.004358075 0.8176866 0
-0.8131638 -0.1021139 0.5730072 0
-0.02383278 0.6279491 -0.01567568 1

-0.07153791 -0.8905439 0.4492373 0
0.07328484 0.4444811 0.8927855 0
-0.994742 0.09679026 0.03346616 0
0.1426932 0.2559487 -0.1375595 1

0.03236118 0.9561003 -0.2912476 0
0.01620195 -0.2918637 -0.9563228 0
-0.9993449 0.02622897 -0.02493579 0
-0.139506 0.1754283 0.03638556 1

0.03099504 -0.9993067 -0.02062541 0
0.818048 0.01350531 0.5749913 0
-0.5743142 -0.03469447 0.8178995 0
-0.03126526 0.7615647 -0.002411995 1

0.006409541 -0.9834623 0.1810005 0
0.01129278 0.1810639 0.9834067 0
-0.9999158 -0.004259211 0.01226664 0
0.1338663 0.1415454 -0.06606236 1

0.001385156 0.9999864 -0.00504738 0
-0.01706078 -0.005023062 -0.999842 0
-0.9998536 0.001471041 0.01705352 0
-0.1440998 0.05030553 0.08738509 1

0.3289626 -0.9246666 0.1917682 0
0.7496312 0.3791935 0.5424624 0
-0.5743142 -0.03469442 0.8178996 0
-0.05928637 0.9170163 -0.01549381 1

-0.4704608 0.05550068 0.8806738 0
0.8708535 0.1902683 0.4532239 0
-0.1424101 0.980162 -0.1378468 0
0.02947219 0.7690602 -0.07597467 1

-0.6650379 -0.1240966 0.736427 0
-0.7145792 -0.1808277 -0.6757796 0
0.2170285 -0.9756543 0.03158033 0
-0.08000276 0.7624469 0.07993218 1

-0.004673657 0.189171 0.9819332 0
0.0008485615 0.9819443 -0.189169 0
-0.9999887 -5.090925E-05 -0.004749739 0
0.131288 0.08984115 -0.2326735 1

-0.03297997 -0.01334129 -0.9993672 0
0.006105311 -0.9998951 0.01314688 0
-0.9994374 -0.005667869 0.0330579 0
-0.1463283 0.02877919 -0.08568216 1

0.07720934 -0.9944577 -0.07136121 0
0.07710186 -0.06540508 0.9948756 0
-0.9940291 -0.08231576 0.07162463 0
-0.08222353 1.198211 -0.01144293 1

-0.006020226 0.7955122 0.6059077 0
0.9793271 -0.1178243 0.1644252 0
0.2021929 0.5943717 -0.7783574 0
0.07979453 0.7567121 -0.1674661 1

-0.5746006 -0.5808692 0.5765634 0
-0.4561186 -0.3576509 -0.8148878 0
0.6795517 -0.731216 -0.05943895 0
-0.1483372 0.74293 0.1574239 1

0.9437082 -0.02669847 0.3297001 0
-0.1393947 -0.9360095 0.3231961 0
0.2999737 -0.3509612 -0.8870413 0
0.09261497 0.5830415 -0.2967547 1

-0.01756218 -0.2675829 -0.963375 0
0.3273898 0.9088673 -0.2584112 0
0.9447263 -0.3199373 0.07164223 0
-0.2674155 0.6213357 0.2918749 1

0.963411 0.1647931 0.2113826 0
-0.2042705 0.9620366 0.1809962 0
-0.1735307 -0.217553 0.960499 0
-0.1488751 0.5953715 -0.3833021 1

-0.03150219 -0.02199238 -0.999262 0
-0.9994966 0.00453547 0.03140968 0
0.003841367 0.999748 -0.02212396 0
-0.2700126 0.5579467 0.0430124 1

0.029084 -0.2229438 0.9743978 0
-0.9793039 -0.2016887 -0.01691598 0
0.2002961 -0.9537393 -0.2241957 0
-0.2025254 0.623333 -0.4467744 1

0.7532935 -0.6553609 -0.05523936 0
0.6094993 0.66408 0.4330229 0
-0.2471031 -0.3598618 0.899689 0
-0.2578704 0.5705973 -0.4538649 1

0.5575578 -0.8273705 -0.06773545 0
0.8253223 0.5436986 0.1524304 0
-0.089289 -0.1408924 0.9859906 0
-0.2758834 0.5532779 -0.3727725 1

0.9279788 0.0545297 -0.3686226 0
0.2548247 0.6289077 0.7345344 0
0.2718835 -0.775566 0.5697169 0
-0.2453385 0.6142204 -0.01954531 1

0.9126862 -0.08441874 -0.3998477 0
-0.3812951 0.1761201 -0.9075221 0
0.1470331 0.9807425 0.1285541 0
-0.2880856 0.5987454 -0.08141331 1

0.9042732 0.1084939 0.4129406 0
0.4254252 -0.1471538 -0.89295 0
-0.03611395 0.9831455 -0.179223 0
-0.2868135 0.5139089 -0.08265452 1

-0.9995849 0.0008221718 0.02881193 0
0.0002908371 0.9998301 -0.01844126 0
-0.0288222 -0.01842545 -0.9994149 0
-0.2485454 0.577424 0.02289294 1

0.1141306 -0.2398333 0.9640824 0
-0.9910337 -0.09534938 0.09360147 0
0.06947586 -0.9661207 -0.2485652 0
-0.2057348 0.639475 -0.5200213 1

-0.006176963 -0.9567567 -0.2908241 0
0.9485227 -0.09769858 0.3012643 0
-0.3166497 -0.2739924 0.9081088 0
-0.3274651 0.6202371 -0.4582049 1

-0.2088276 -0.9412805 -0.2652971 0
0.9709616 -0.2319392 0.05863691 0
-0.1167267 -0.2453483 0.9623822 0
-0.3335774 0.6119795 -0.3695106 1

-0.08616787 -0.8442541 -0.5289717 0
0.9866634 0.00128271 -0.1627714 0
0.138099 -0.5359425 0.8328835 0
-0.1760727 0.6179029 -0.04826197 1

0.8133837 -0.1038076 0.5723912 0
0.5814373 0.1139539 -0.8055716 0
0.01839821 0.9880481 0.153046 0
-0.2144139 0.5980726 -0.124984 1

-0.2621027 0.01932015 0.964847 0
0.9647613 0.02929337 0.2614925 0
-0.02321166 0.9993843 -0.02631698 0
-0.207135 0.5203597 -0.06278203 1

0.1673272 -0.2695257 0.9483449 0
-0.9850286 -0.08617584 0.1493082 0
0.04148183 -0.95913 -0.2799099 0
-0.212633 0.6541991 -0.5797517 1

-0.01921083 -0.9635768 -0.2667416 0
0.9545502 -0.09704281 0.28181 0
-0.2974309 -0.2492045 0.9216465 0
-0.3297424 0.6877874 -0.443073 1

-0.2124218 -0.9474454 -0.2392171 0
0.9648142 -0.2421719 0.1024045 0
-0.1549544 -0.2090472 0.9655511 0
-0.3288013 0.6819767 -0.3544357 1

-0.1316622 -0.8621005 -0.4893351 0
0.9774981 -0.0308369 -0.2086813 0
0.1648148 -0.5057992 0.8467609 0
-0.1812697 0.5657164 -0.08115146 1

0.8109903 -0.07673939 0.5800055 0
0.5850138 0.09389752 -0.8055698 0
0.007357813 0.9926203 0.1210438 0
-0.1557604 0.5953842 -0.08824474 1

-0.2631463 0.04631257 0.9636441 0
0.9628983 0.0745704 0.2593587 0
-0.0598477 0.9961401 -0.06421696 0
-0.2154525 0.5252645 0.008326881 1

-1 0 0 0
0 -1.192093E-07 0.9999999 0
0 0.9999999 1.192093E-07 0
0 0 0 1

0.04310584 -0.969017 0.2432037 0
0.1687933 0.2469942 0.9542026 0
-0.9847085 -8.060624E-05 0.1742104 0
1.342967E-05 0.3733815 0.01817762 1

0.1650483 -0.9777704 0.1293218 0
0.3177481 0.176843 0.9315378 0
-0.9336999 -0.112657 0.3398723 0
-0.005658048 0.510891 -0.01381655 1

0.1238209 -0.586709 -0.8002754 0
-0.03255108 -0.8084493 0.587665 0
-0.9917707 -0.04671543 -0.119201 0
0.1081384 0.3602656 -0.004517288 1

0.05435307 0.9693252 -0.2396976 0
0.1466406 -0.2451984 -0.9583187 0
-0.9876955 0.01693812 -0.1554697 0
-0.1093327 0.3602481 0.03395665 1

0.0859395 -0.99306 -0.08028806 0
0.5768527 -0.01610777 0.8166895 0
-0.812315 -0.1165003 0.5714648 0
-0.02385411 0.661144 -0.01400086 1

-0.1984755 -0.9104928 0.3627817 0
0.1179742 0.3452608 0.9310623 0
-0.9729799 0.2275918 0.03888889 0
0.1290743 0.2731577 -0.1305672 1

-0.04368286 0.9832145 -0.1771485 0
0.3945576 -0.1459249 -0.9072103 0
-0.9178324 -0.1095248 -0.3815603 0
-0.1187479 0.2093804 0.06659456 1

0.007186599 -0.9965032 -0.08324439 0
0.8214699 -0.04158569 0.5687338 0
-0.5702069 -0.07247005 0.8182984 0
-0.03127058 0.7943846 0.002619661 1

-0.01997275 -0.9834934 0.1798386 0
0.04573359 0.1787875 0.9828241 0
-0.9987541 0.02785426 0.04140784 0
0.1037077 0.1548586 -0.07023731 1

-0.0404008 0.9952522 -0.08855309 0
-0.02406478 -0.08956886 -0.9956901 0
-0.9988938 -0.03809572 0.0275691 0
-0.1198407 0.07635559 0.09069749 1

0.3080698 -0.9422708 0.13122 0
0.7615495 0.3269156 0.5596151 0
-0.5702069 -0.07247002 0.8182985 0
-0.05567594 0.9509605 -0.0005198235 1

-0.4638822 0.01117375 0.8858265 0
0.8777397 0.1411791 0.4578665 0
-0.119944 0.989921 -0.07529815 0
0.02919842 0.8050563 -0.07077177 1

-0.6634958 -0.1544574 0.7320631 0
-0.7225831 -0.1214596 -0.6805302 0
0.194029 -0.9805053 -0.0310204 0
-0.0794936 0.7912423 0.08521115 1

0.03000011 0.1874061 0.9818242 0
0.0269374 0.9817582 -0.1882166 0
-0.9991869 0.03209424 0.02440467 0
0.09461829 0.1035721 -0.2367504 1

-0.039619 -0.09846302 -0.994352 0
0.04793927 -0.9941748 0.09653538 0
-0.9980643 -0.04384393 0.04410841 0
-0.1264684 0.04117185 -0.07657169 1

0.06434407 -0.995362 -0.07151418 0
0.07510653 -0.06662925 0.994947 0
-0.9950976 -0.06939014 0.07047075 0
-0.07498021 1.232427 0.003574751 1

0.004603196 0.8082124 0.5888731 0
0.9788927 -0.123965 0.1624867 0
0.2043235 0.5756957 -0.7917238 0
0.07868098 0.7972943 -0.1632204 1

-0.5810405 -0.6160426 0.5318682 0
-0.4338888 -0.3184238 -0.8428207 0
0.6885731 -0.7204845 -0.08227693 0
-0.1478194 0.7685069 0.1618282 1

0.9278316 0.06559207 0.3671876 0
-0.07282843 -0.9336138 0.3508017 0
0.3658211 -0.3522266 -0.8614589 0
0.08919567 0.6208009 -0.2888426 1

-0.01363181 -0.3015283 -0.9533599 0
0.316028 0.9032756 -0.2902065 0
0.9486522 -0.3052442 0.08297795 0
-0.2685538 0.6388336 0.2869279 1

0.9634577 0.1609383 0.214123 0
-0.2028587 0.960418 0.1909083 0
-0.1749232 -0.2273689 0.9579692 0
-0.1486088 0.6094195 -0.3851764 1

-0.03199218 -0.007052212 -0.9994633 0
-0.9994862 0.002358693 0.03197644 0
0.002132211 0.9999727 -0.007124096 0
-0.270208 0.5666953 0.04044874 1

0.02766758 -0.2332464 0.9720241 0
-0.9796204 -0.1998538 -0.02007296 0
0.1989445 -0.9516591 -0.2340223 0
-0.2021444 0.6381384 -0.4484071 1

0.7522575 -0.656007 -0.06134814 0
0.6101422 0.6584558 0.4406392 0
-0.2486674 -0.3689053 0.8955854 0
-0.2575697 0.5855733 -0.4561113 1

0.5562487 -0.8275463 -0.07586257 0
0.8260648 0.5406751 0.1590215 0
-0.09058067 -0.1511227 0.9843561 0
-0.2756983 0.5674307 -0.3752249 1

0.9276901 0.06163676 -0.3682292 0
0.2541442 0.6182507 0.7437589 0
0.2735006 -0.7835609 0.5578801 0
-0.2456625 0.6239432 -0.02126998 1

0.9126173 -0.07685358 -0.4015277 0
-0.3820726 0.1890647 -0.9045858 0
0.1454355 0.9789528 0.1431798 0
-0.2884158 0.6093252 -0.08334172 1

0.9043055 0.1038291 0.4140674 0
0.4252032 -0.1330149 -0.8952708 0
-0.03787772 0.9856607 -0.1644344 0
-0.2870004 0.5245191 -0.08585623 1

-0.9995694 -0.001315262 0.02932329 0
-0.001416549 0.9999933 -0.003438741 0
-0.02931837 -0.00347881 -0.9995641 0
-0.2487845 0.5865088 0.02061299 1

0.1126968 -0.250169 0.961621 0
-0.9912912 -0.09466533 0.09154664 0
0.06812991 -0.9635634 -0.2586587 0
-0.2052483 0.6550566 -0.5214831 1

-0.007461738 -0.9536278 -0.3008965 0
0.9480349 -0.1024606 0.3012177 0
-0.3180797 -0.2830127 0.9048365 0
-0.3270767 0.6353729 -0.4600014 1

-0.2101136 -0.9380808 -0.2754214 0
0.9705096 -0.2341749 0.05721319 0
-0.1181674 -0.2552779 0.9596194 0
-0.3332978 0.6261916 -0.3714054 1

-0.08501355 -0.8363689 -0.5415353 0
0.9865736 0.005407605 -0.1632296 0
0.1394484 -0.5481411 0.8246793 0
-0.1764182 0.6281741 -0.049963 1

0.8138607 -0.1109955 0.5703605 0
0.5808176 0.1270184 -0.8040634 0
0.01680135 0.9856708 0.1678433 0
-0.2147662 0.6094317 -0.1269546 1

-0.2616258 0.004395742 0.9651597 0
0.9648482 0.02701281 0.2614177 0
-0.02492225 0.9996258 -0.01130855 0
-0.2073226 0.530807 -0.06592925 1

0.1658606 -0.2797831 0.9456278 0
-0.9853306 -0.08608925 0.1473532 0
0.04018131 -0.9561959 -0.2899576 0
-0.212058 0.6704208 -0.5810624 1

-0.02053286 -0.9606792 -0.2769009 0
0.9540844 -0.10161 0.2817779 0
-0.2988341 -0.2584012 0.9186549 0
-0.3292575 0.7027638 -0.4441608 1

-0.213746 -0.9445142 -0.2494117 0
0.9642984 -0.2448577 0.1008639 0
-0.1563379 -0.218948 0.9631303 0
-0.3284211 0.6960179 -0.3555889 1

-0.1304566 -0.8548856 -0.5021478 0
0.9774385 -0.02603501 -0.2096115 0
0.1661201 -0.5181637 0.838994 0
-0.181544 0.5764782 -0.08362915 1

0.8114255 -0.08404884 0.5783813 0
0.5844284 0.1069702 -0.8043641 0
0.005736437 0.9907038 0.1359188 0
-0.1560888 0.6062925 -0.09028933 1

-0.2627159 0.03140138 0.9643623 0
0.9629071 0.07231331 0.2599644 0
-0.06157286 0.9968877 -0.04923445 0
-0.2156107 0.5346302 0.005249446 1

-1 0 0 0
0 -1.192093E-07 0.9999999 0
0 0.9999999 1.192093E-07 0
0 0 0 1

